26 89 153 230 295 380 446 508 589 647 702 762 820 916 950 1049 1138
62 134 152 224 283 368 433 507 584 634 699 751 817 903 947 1046 1135
48 78 168 244 315 392 462 536 590 650 680 745 814 899 942 1011 1107
31 95 154 266 325 366 437 496 556 635 727 768 857 933 940 1012 1086
20 81 190 226 284 390 457 521 591 624 705 763 852 889 949 1023 1132
56 122 166 232 333 338 425 478 581 641 703 787 816 919 955 1007 1131
14 99 185 257 292 391 423 477 570 643 673 761 856 936 953 1066 1096
28 102 180 261 274 341 466 516 562 618 714 750 855 906 960 1034 1116
47 116 196 241 300 385 426 488 595 654 679 740 832 929 948 1014 1098
63 88 193 203 313 398 419 482 539 640 687 799 827 913 977 1040 1112
39 70 200 207 280 397 408 476 583 660 728 757 845 938 973 1045 1084
27 98 158 209 321 394 455 498 545 628 729 744 869 875 972 1041 1128
2 104 142 245 298 377 412 524 582 614 706 764 863 920 999 1054 1093
57 80 192 225 301 399 459 473 550 655 704 748 871 878 993 1022 1085
15 87 189 220 329 378 424 525 565 666 707 756 818 872 992 1021 1130
58 117 147 219 272 371 414 497 573 651 722 776 853 911 951 1059 1104
50 128 151 212 270 376 463 528 597 645 710 749 812 879 994 1048 1075
23 125 149 205 285 364 452 506 592 667 732 767 844 896 1000 1008 1082
29 129 188 249 328 354 418 480 555 613 730 779 860 884 997 1009 1081
35 73 138 206 312 395 436 532 598 609 682 753 839 883 1004 1064 1129
34 133 156 254 303 359 422 489 559 623 697 784 841 917 976 1028 1117
43 97 155 260 281 358 438 474 558 669 700 742 840 881 1001 1053 1137
40 75 162 248 323 348 458 487 574 653 694 758 854 918 943 1031 1134
12 124 177 214 287 389 451 503 560 652 676 771 864 888 995 1033 1094
18 108 183 213 324 337 461 495 603 622 737 802 813 897 966 1032 1079
16 131 146 210 291 386 405 493 572 668 671 795 805 921 1005 1039 1136
19 130 148 233 319 374 445 491 578 633 701 778 838 900 970 1038 1099
64 121 160 223 277 350 410 471 577 627 724 804 849 927 963 1050 1088
1 72 187 242 320 387 417 510 564 626 685 788 848 892 1003 1063 1078
55 76 195 265 271 369 460 472 540 611 734 747 828 910 979 1057 1115
53 96 169 215 299 396 450 529 593 620 696 738 810 934 984 1020 1095
36 83 139 256 290 393 406 515 557 637 709 793 843 895 981 1069 1090
59 79 144 229 316 384 448 505 594 632 721 743 829 905 969 1058 1073
7 84 170 222 327 375 442 502 580 608 715 797 826 937 958 1047 1097
52 100 135 204 296 351 407 531 579 638 725 772 847 928 998 1019 1109
10 126 175 239 288 356 434 523 546 636 717 777 861 894 971 1035 1108
22 101 198 218 297 355 429 519 552 646 713 798 837 902 968 1015 1126
32 77 150 236 326 367 409 479 601 644 693 803 830 887 989 1036 1125
30 103 179 202 311 345 416 494 600 631 731 741 862 915 985 1052 1103
5 107 167 247 279 362 439 535 585 619 690 755 851 908 991 1043 1106
11 85 182 268 332 361 430 513 551 665 681 765 831 873 945 1072 1122
6 112 136 238 282 383 456 512 569 662 716 774 811 893 988 1027 1121
45 120 140 250 309 372 415 534 547 607 712 770 833 877 982 1060 1111
13 123 186 240 302 402 420 530 554 661 684 801 823 923 946 1006 1077
9 110 157 258 335 401 411 527 544 610 674 783 821 909 996 1018 1127
33 106 172 234 318 379 421 509 575 639 695 781 834 907 964 1025 1092
61 92 174 253 286 347 447 470 571 649 686 780 824 930 959 1055 1110
24 82 178 231 278 381 440 485 553 664 683 800 858 926 954 1030 1120
51 115 191 243 307 370 432 483 599 606 718 792 815 874 990 1013 1087
41 113 141 267 294 373 427 522 548 616 735 754 870 932 962 1016 1074
38 69 145 259 276 346 467 490 602 648 698 766 867 891 956 1062 1113
21 111 171 208 314 349 454 517 563 656 691 794 846 880 967 1056 1091
44 114 137 262 322 352 441 514 596 625 675 786 836 914 957 1051 1076
3 71 181 217 334 336 444 518 587 612 719 782 835 922 975 1017 1139
8 68 143 255 306 353 468 499 561 658 689 775 859 904 978 1061 1102
46 127 194 246 289 339 413 501 567 630 678 773 850 924 961 1042 1114
37 118 201 252 273 357 428 500 586 617 708 796 807 912 986 1026 1089
17 132 163 237 330 342 403 484 541 629 711 785 809 935 965 1067 1133
4 74 197 235 304 382 431 520 537 605 720 769 825 901 987 1070 1123
65 119 164 263 293 388 464 486 566 670 692 752 819 876 939 1010 1119
54 86 165 251 275 400 453 526 542 621 688 760 868 886 980 1024 1118
42 90 161 228 308 344 469 504 549 663 736 739 865 885 952 1029 1124
25 109 176 216 317 340 435 492 568 642 733 790 822 898 983 1065 1083
60 91 173 211 305 365 465 481 576 615 723 746 808 925 974 1071 1101
66 105 159 264 269 360 404 533 588 657 677 759 842 890 941 1068 1100
49 94 184 227 331 343 443 475 543 604 726 791 806 931 1002 1037 1105
67 93 199 221 310 363 449 511 538 659 672 789 866 882 944 1044 1080
