415 747 1079 1411 1743 2075 2407 2739 3071 3403 3735 4067 4399 4731 5063 5395 5727 6059 6391 6723 6971 7303 7635 7967 8299 8631 8963 9295 9627 9959 10291 10623 10955 11287 11619 11951 12283 12615 12947 13279 13944
333 664 1076 1406 1737 2068 2399 2727 3058 3386 3716 4046 4377 4708 5039 5370 5701 6032 6362 6691 7022 7353 7683 8014 8343 8671 9002 9332 9656 9986 10316 10647 10978 11307 11638 11969 12296 12626 12957 13286 13943
413 743 1069 1397 1727 2057 2387 2711 3041 3365 3693 4021 4351 4681 5011 5341 5671 6001 6329 6655 6985 7315 7643 7973 8382 8706 9036 9364 9680 10008 10336 10666 10996 11322 11652 11982 12304 12632 12962 13288 14025
410 739 1062 1388 1717 2046 2375 2695 3024 3344 3670 3996 4325 4654 4983 5312 5724 6053 6379 6702 7031 7360 7686 8015 8338 8658 8987 9313 9704 10030 10356 10685 11014 11337 11666 11995 12312 12638 12967 13290 13941
407 735 1055 1379 1707 2035 2363 2679 3007 3323 3730 4054 4382 4710 5038 5366 5694 6022 6346 6666 6994 7322 7646 7974 8377 8693 9021 9345 9645 9969 10293 10704 11032 11352 11680 12008 12320 12644 12972 13292 13940
404 731 1048 1370 1697 2024 2351 2663 2990 3385 3707 4029 4356 4683 5010 5337 5664 5991 6313 6713 7040 7367 7689 8016 8333 8645 8972 9377 9669 9991 10313 10640 10967 11367 11694 12021 12328 12650 12977 13294 14022
401 727 1041 1361 1687 2013 2339 2730 3056 3364 3684 4004 4330 4656 4982 5391 5717 6043 6363 6677 7003 7329 7649 7975 8372 8680 9006 9326 9693 10013 10333 10659 10985 11299 11625 12034 12336 12656 12982 13296 14021
398 723 1034 1352 1677 2002 2327 2714 3039 3343 3661 4062 4387 4712 5037 5362 5687 6012 6330 6641 7049 7374 7692 8017 8328 8632 9040 9358 9634 10035 10353 10678 11003 11314 11639 11964 12344 12662 12987 13298 13937
395 719 1027 1343 1667 2074 2398 2698 3022 3322 3721 4037 4361 4685 5009 5333 5657 5981 6380 6688 7012 7336 7652 7976 8367 8667 8991 9307 9658 9974 10373 10697 11021 11329 11653 11977 12352 12668 12992 13300 14019
392 715 1020 1334 1740 2063 2386 2682 3005 3384 3698 4012 4335 4658 4981 5387 5710 6033 6347 6652 6975 7381 7695 8018 8323 8702 9025 9339 9682 9996 10310 10633 10956 11344 11667 11990 12360 12674 12997 13302 13935
389 711 1013 1408 1730 2052 2374 2666 2988 3363 3675 3987 4392 4714 5036 5358 5680 6002 6314 6699 7021 7343 7655 7977 8362 8654 8976 9371 9706 10018 10330 10652 10974 11359 11681 12003 12285 12680 13002 13304 13934
386 707 1006 1399 1720 2041 2362 2733 3054 3342 3652 4045 4366 4687 5008 5329 5650 6054 6364 6663 6984 7305 7698 8019 8318 8689 9010 9320 9647 10040 10350 10671 10992 11291 11695 12016 12293 12686 13007 13306 13933
383 703 999 1390 1710 2030 2350 2717 3037 3321 3712 4020 4340 4660 4980 5383 5703 6023 6331 6710 7030 7350 7658 7978 8357 8641 9044 9352 9671 9979 10370 10690 11010 11306 11626 12029 12301 12692 13012 13308 13932
380 699 1075 1381 1700 2019 2338 2701 3020 3383 3689 3995 4397 4716 5035 5354 5673 5992 6381 6674 6993 7312 7701 8020 8313 8676 8995 9301 9695 10001 10307 10626 11028 11321 11640 11959 12309 12698 13017 13310 14014
377 695 1068 1372 1690 2008 2326 2685 3003 3362 3666 4053 4371 4689 5007 5325 5726 6044 6348 6721 7039 7357 7661 7979 8352 8711 9029 9333 9636 10023 10327 10645 10963 11336 11654 11972 12317 12621 13022 13312 14013
374 691 1061 1363 1680 1997 2397 2669 3069 3341 3726 4028 4345 4662 5062 5379 5696 6013 6315 6685 7002 7319 7704 8021 8308 8663 8980 9365 9660 9962 10347 10664 10981 11351 11668 11985 12325 12627 13027 13314 14012
371 687 1054 1354 1670 2069 2385 2736 3052 3320 3703 4003 4319 4718 5034 5350 5666 5982 6365 6649 7048 7364 7664 7980 8347 8698 9014 9314 9684 9984 10367 10683 10999 11366 11682 11998 12333 12633 12949 13316 13928
368 683 1047 1345 1660 2058 2373 2720 3035 3382 3680 4061 4376 4691 5006 5321 5719 6034 6332 6696 7011 7326 7707 8022 8303 8650 8965 9346 9708 10006 10304 10702 11017 11298 11696 12011 12341 12639 12954 13318 13927
365 679 1040 1336 1733 2047 2361 2704 3018 3361 3657 4036 4350 4664 5061 5375 5689 6003 6382 6660 6974 7371 7667 7981 8342 8685 8999 9378 9649 10028 10324 10638 11035 11313 11627 12024 12349 12645 12959 13320 14009
362 675 1033 1410 1723 2036 2349 2688 3001 3340 3717 4011 4324 4720 5033 5346 5659 6055 6349 6707 7020 7333 7710 8023 8381 8637 9033 9327 9673 9967 10344 10657 10970 11328 11641 11954 12357 12651 12964 13322 14008
359 671 1026 1401 1713 2025 2337 2672 3067 3402 3694 3986 4381 4693 5005 5317 5712 6024 6316 6671 6983 7378 7670 7982 8337 8672 8984 9359 9697 9989 10364 10676 10988 11343 11655 11967 12365 12657 12969 13324 14007
356 667 1019 1392 1703 2014 2325 2656 3050 3381 3671 4044 4355 4666 5060 5371 5682 5993 6366 6718 7029 7340 7713 8024 8376 8707 9018 9308 9638 10011 10301 10695 11006 11358 11669 11980 12290 12663 12974 13326 13923
353 746 1012 1383 1693 2003 2396 2723 3033 3360 3731 4019 4329 4722 5032 5342 5652 6045 6333 6682 6992 7385 7673 7983 8332 8659 8969 9340 9662 10033 10321 10631 11024 11290 11683 11993 12298 12669 12979 13328 14005
350 742 1005 1374 1683 1992 2384 2707 3016 3339 3708 3994 4386 4695 5004 5313 5705 6014 6383 6646 7038 7347 7716 8025 8371 8694 9003 9372 9686 9972 10341 10650 10959 11305 11697 12006 12306 12675 12984 13330 13921
347 738 998 1365 1673 2064 2372 2691 2999 3401 3685 4052 4360 4668 5059 5367 5675 5983 6350 6693 7001 7309 7676 7984 8327 8646 9037 9321 9710 9994 10361 10669 10977 11320 11628 12019 12314 12681 12989 13332 14003
344 734 1074 1356 1663 2053 2360 2675 3065 3380 3662 4027 4334 4724 5031 5338 5645 6035 6317 6657 7047 7354 7636 8026 8366 8681 8988 9353 9651 10016 10298 10688 10995 11335 11642 12032 12322 12687 12994 13334 13919
341 730 1067 1347 1736 2042 2348 2659 3048 3359 3722 4002 4391 4697 5003 5392 5698 6004 6367 6704 7010 7316 7679 7985 8322 8633 9022 9302 9675 10038 10318 10624 11013 11350 11656 11962 12330 12693 12999 13336 13918
338 726 1060 1338 1726 2031 2336 2726 3031 3338 3699 4060 4365 4670 5058 5363 5668 6056 6334 6668 6973 7361 7639 8027 8361 8668 8973 9334 9699 9977 10338 10643 11031 11365 11670 11975 12338 12616 13004 13338 13917
335 722 1053 1329 1716 2020 2324 2710 3014 3400 3676 4035 4339 4726 5030 5334 5721 6025 6384 6715 7019 7323 7682 7986 8317 8703 9007 9366 9640 9999 10358 10662 10966 11297 11684 11988 12346 12622 13009 13340 13916
332 718 1046 1403 1706 2009 2395 2694 2997 3379 3653 4010 4396 4699 5002 5388 5691 5994 6351 6679 6982 7368 7642 8028 8356 8655 9041 9315 9664 10021 10295 10681 10984 11312 11698 12001 12354 12628 13014 13342 13915
412 714 1039 1394 1696 1998 2383 2678 3063 3358 3713 3985 4370 4672 5057 5359 5661 6046 6318 6643 7028 7330 7685 7987 8312 8690 8992 9347 9688 9960 10315 10700 11002 11327 11629 12014 12362 12634 13019 13344 13914
409 710 1032 1385 1686 2070 2371 2662 3046 3337 3690 4043 4344 4728 5029 5330 5714 6015 6368 6690 6991 7375 7645 8029 8351 8642 9026 9296 9629 9982 10335 10636 11020 11342 11643 12027 12287 12640 13024 13346 13913
406 706 1025 1376 1676 2059 2359 2729 3029 3399 3667 4018 4318 4701 5001 5384 5684 5984 6335 6654 7037 7337 7688 7988 8307 8677 8977 9328 9653 10004 10355 10655 11038 11357 11657 11957 12295 12646 13029 13348 13995
403 702 1018 1367 1666 2048 2347 2713 3012 3378 3727 3993 4375 4674 5056 5355 5654 6036 6385 6701 7000 7382 7648 8030 8346 8712 9011 9360 9677 10026 10292 10674 10973 11289 11671 11970 12303 12652 12951 13350 13911
400 698 1011 1358 1739 2037 2335 2697 2995 3357 3704 4051 4349 4730 5028 5326 5707 6005 6352 6665 7046 7344 7691 7989 8302 8664 9045 9309 9701 9965 10312 10693 10991 11304 11685 11983 12311 12658 12956 13352 13993
397 694 1004 1349 1729 2026 2406 2681 3061 3336 3681 4026 4323 4703 5000 5380 5677 6057 6319 6712 7009 7306 7651 8031 8341 8699 8996 9341 9642 9987 10332 10629 11009 11319 11699 11996 12319 12664 12961 13354 13992
394 690 997 1340 1719 2015 2394 2665 3044 3398 3658 4001 4380 4676 5055 5351 5647 6026 6369 6676 6972 7351 7694 7990 8380 8651 9030 9373 9666 10009 10352 10648 11027 11334 11630 12009 12327 12670 12966 13356 13908
391 686 1073 1331 1709 2004 2382 2732 3027 3377 3718 4059 4354 4649 5027 5322 5700 5995 6336 6640 7018 7313 7654 8032 8336 8686 8981 9322 9690 10031 10372 10667 10962 11349 11644 12022 12335 12676 12971 13358 13907
388 682 1066 1405 1699 1993 2370 2716 3010 3356 3695 4034 4328 4705 4999 5376 5670 6047 6386 6687 6981 7358 7697 7991 8375 8638 9015 9354 9631 9970 10309 10686 10980 11364 11658 11952 12343 12682 12976 13360 13906
385 678 1059 1396 1689 2065 2358 2700 2993 3335 3672 4009 4385 4678 5054 5347 5723 6016 6353 6651 7027 7320 7657 8033 8331 8673 8966 9303 9655 9992 10329 10705 10998 11296 11672 11965 12351 12688 12981 13362 13988
382 674 1052 1387 1679 2054 2346 2684 3059 3397 3732 3984 4359 4651 5026 5318 5693 5985 6320 6698 6990 7365 7700 7992 8370 8708 9000 9335 9679 10014 10349 10641 11016 11311 11686 11978 12359 12694 12986 13281 13904
379 670 1045 1378 1669 2043 2334 2668 3042 3376 3709 4042 4333 4707 4998 5372 5663 6037 6370 6662 7036 7327 7660 8034 8326 8660 9034 9367 9703 10036 10369 10660 11034 11326 11700 11991 12284 12617 12991 13283 13903
376 666 1038 1369 1742 2032 2405 2735 3025 3355 3686 4017 4390 4680 5053 5343 5716 6006 6337 6709 6999 7372 7703 7993 8365 8695 8985 9316 9644 9975 10306 10679 10969 11341 11631 12004 12292 12623 12996 13285 13985
373 745 1031 1360 1732 2021 2393 2719 3008 3334 3663 3992 4364 4653 5025 5314 5686 6058 6387 6673 7045 7334 7663 8035 8321 8647 9019 9348 9668 9997 10326 10698 10987 11356 11645 12017 12300 12629 13001 13287 13984
370 741 1024 1351 1722 2010 2381 2703 2991 3396 3723 4050 4338 4709 4997 5368 5656 6027 6354 6720 7008 7379 7706 7994 8360 8682 8970 9297 9692 10019 10346 10634 11005 11288 11659 12030 12308 12635 13006 13289 13900
367 737 1017 1342 1712 1999 2369 2687 3057 3375 3700 4025 4395 4682 5052 5339 5709 5996 6321 6684 7054 7341 7666 8036 8316 8634 9004 9329 9633 10041 10366 10653 11023 11303 11673 11960 12316 12641 13011 13291 13982
364 733 1010 1333 1702 2071 2357 2671 3040 3354 3677 4000 4369 4655 5024 5393 5679 6048 6371 6648 7017 7386 7709 7995 8355 8669 9038 9361 9657 9980 10303 10672 10958 11318 11687 11973 12324 12647 13016 13293 13981
361 729 1003 1407 1692 2060 2345 2738 3023 3333 3654 4058 4343 4711 4996 5364 5649 6017 6338 6695 6980 7348 7669 8037 8311 8704 8989 9310 9681 10002 10323 10691 10976 11333 11701 11986 12332 12653 13021 13295 13980
358 725 996 1398 1682 2049 2333 2722 3006 3395 3714 4033 4317 4684 5051 5335 5702 5986 6388 6659 7026 7310 7712 7996 8350 8656 9023 9342 9705 10024 10343 10627 10994 11348 11632 11999 12340 12659 13026 13297 13896
355 721 1072 1389 1672 2038 2404 2706 2989 3374 3691 4008 4374 4657 5023 5389 5672 6038 6355 6706 6989 7355 7672 8038 8306 8691 8974 9374 9646 9963 10363 10646 11012 11363 11646 12012 12348 12665 12948 13299 13895
352 717 1065 1380 1662 2027 2392 2690 3055 3353 3668 4066 4348 4713 4995 5360 5725 6007 6322 6670 7035 7317 7715 7997 8345 8643 9008 9323 9670 9985 10300 10665 11030 11295 11660 12025 12356 12671 12953 13301 13977
349 713 1058 1371 1735 2016 2380 2674 3038 3332 3728 4041 4322 4686 5050 5331 5695 5976 6372 6717 6998 7362 7675 8039 8301 8678 9042 9355 9694 10007 10320 10684 10965 11310 11674 11955 12364 12677 12958 13303 13893
346 709 1051 1362 1725 2005 2368 2658 3021 3394 3705 4016 4379 4659 5022 5385 5665 6028 6339 6681 7044 7324 7718 7998 8340 8713 8993 9304 9635 10029 10340 10703 10983 11325 11688 11968 12289 12683 12963 13305 13975
343 705 1044 1353 1715 1994 2356 2725 3004 3373 3682 3991 4353 4715 4994 5356 5718 5997 6389 6645 7007 7369 7678 8040 8379 8665 9027 9336 9659 9968 10360 10639 11001 11340 11702 11981 12297 12689 12968 13307 13974
340 701 1037 1344 1705 2066 2344 2709 3070 3352 3659 4049 4327 4688 5049 5327 5688 6049 6356 6692 7053 7331 7638 7999 8335 8700 8978 9368 9683 9990 10297 10658 11019 11355 11633 11994 12305 12695 12973 13309 13973
337 697 1030 1335 1695 2055 2332 2693 3053 3331 3719 4024 4384 4661 5021 5381 5658 6018 6323 6656 7016 7376 7681 8041 8374 8652 9012 9317 9707 10012 10317 10677 11037 11370 11647 12007 12313 12618 12978 13311 13972
334 693 1023 1409 1685 2044 2403 2677 3036 3393 3696 3999 4358 4717 4993 5352 5711 5987 6373 6703 6979 7338 7641 8000 8330 8687 9046 9349 9648 10034 10337 10696 10972 11302 11661 12020 12321 12624 12983 13313 13971
414 689 1016 1400 1675 2033 2391 2661 3019 3372 3673 4057 4332 4690 5048 5323 5681 6039 6340 6667 7025 7383 7684 8042 8369 8639 8997 9298 9672 9973 10357 10632 10990 11317 11675 12033 12329 12630 12988 13315 13970
411 685 1009 1391 1665 2022 2379 2728 3002 3351 3733 4032 4389 4663 5020 5377 5651 6008 6390 6714 6988 7345 7644 8001 8325 8674 9031 9330 9696 9995 10294 10651 11008 11332 11689 11963 12337 12636 12993 13317 13969
408 681 1002 1382 1738 2011 2367 2712 3068 3330 3710 4007 4363 4719 4992 5348 5704 5977 6357 6678 7034 7307 7687 8043 8364 8709 8982 9362 9637 10017 10314 10670 11026 11347 11620 11976 12345 12642 12998 13319 13885
405 677 1078 1373 1728 2000 2355 2696 3051 3392 3687 4065 4337 4692 5047 5319 5674 6029 6324 6642 6997 7352 7647 8002 8320 8661 9016 9311 9661 10039 10334 10689 10961 11362 11634 11989 12353 12648 13003 13321 13967
402 673 1071 1364 1718 2072 2343 2680 3034 3371 3664 4040 4394 4665 5019 5373 5644 5998 6374 6689 7043 7314 7690 8044 8359 8696 8967 9343 9685 9978 10354 10625 10979 11294 11648 12002 12361 12654 13008 13323 13883
399 669 1064 1355 1708 2061 2331 2664 3017 3350 3724 4015 4368 4721 4991 5344 5697 6050 6341 6653 7006 7359 7650 8003 8315 8648 9001 9375 9709 10000 10374 10644 10997 11309 11662 12015 12286 12660 13013 13325 13965
396 665 1057 1346 1698 2050 2402 2731 3000 3329 3701 3990 4342 4694 5046 5315 5667 6019 6308 6700 7052 7321 7693 8045 8354 8683 9035 9324 9650 10022 10311 10663 11015 11324 11676 12028 12294 12666 13018 13327 13881
393 744 1050 1337 1688 2039 2390 2715 3066 3391 3678 4048 4316 4667 5018 5369 5720 5988 6358 6664 7015 7366 7653 8004 8310 8635 8986 9356 9674 9961 10331 10682 11033 11339 11690 11958 12302 12672 13023 13329 13880
390 740 1043 1328 1678 2028 2378 2699 3049 3370 3655 4023 4373 4723 4990 5340 5690 6040 6325 6711 6978 7328 7696 8046 8349 8670 9020 9305 9698 9983 10351 10701 10968 11354 11621 11971 12310 12678 13028 13331 13879
387 736 1036 1402 1668 2017 2366 2683 3032 3349 3715 3998 4347 4696 5045 5394 5660 6009 6375 6675 7024 7373 7656 8005 8305 8705 8971 9337 9639 10005 10371 10637 10986 11369 11635 11984 12318 12684 12950 13333 13961
384 732 1029 1393 1741 2006 2354 2667 3015 3328 3692 4056 4321 4669 5017 5365 5713 5978 6342 6722 6987 7335 7699 8047 8344 8657 9005 9369 9663 10027 10308 10656 11004 11301 11649 11997 12326 12690 12955 13335 13960
381 728 1022 1384 1731 1995 2342 2734 2998 3390 3669 4031 4378 4725 4989 5336 5683 6030 6309 6686 7033 7380 7659 8006 8300 8692 9039 9318 9687 9966 10328 10675 11022 11316 11663 12010 12334 12696 12960 13337 13876
378 724 1015 1375 1721 2067 2330 2718 3064 3369 3729 4006 4352 4698 5044 5390 5653 5999 6359 6650 6996 7342 7702 8048 8339 8644 8990 9350 9628 9988 10348 10694 10957 11331 11677 12023 12342 12619 12965 13339 13875
375 720 1008 1366 1711 2056 2401 2702 3047 3348 3706 4064 4326 4671 5016 5361 5706 6051 6326 6697 7042 7304 7662 8007 8378 8679 9024 9299 9652 10010 10368 10630 10975 11346 11691 11953 12350 12625 12970 13341 13874
372 716 1001 1357 1701 2045 2389 2686 3030 3327 3683 4039 4383 4727 4988 5332 5676 6020 6376 6661 7005 7349 7705 8049 8334 8714 8975 9331 9676 10032 10305 10649 10993 11361 11622 11966 12358 12631 12975 13343 13956
369 712 1077 1348 1691 2034 2377 2670 3013 3389 3660 4014 4357 4700 5043 5386 5646 5989 6343 6708 7051 7311 7665 8008 8373 8666 9009 9363 9700 9971 10325 10668 11011 11293 11636 11979 12366 12637 12980 13345 13955
366 708 1070 1339 1681 2023 2365 2737 2996 3368 3720 3989 4331 4673 5015 5357 5699 6041 6310 6672 7014 7356 7708 8050 8329 8701 9043 9312 9641 9993 10345 10687 11029 11308 11650 11992 12291 12643 12985 13347 13954
363 704 1063 1330 1671 2012 2353 2721 3062 3347 3697 4047 4388 4729 4987 5328 5669 6010 6360 6719 6977 7318 7668 8009 8368 8653 8994 9344 9665 10015 10365 10706 10964 11323 11664 12005 12299 12649 12990 13349 13953
360 700 1056 1404 1661 2001 2341 2705 3045 3326 3674 4022 4362 4702 5042 5382 5722 5979 6327 6683 7023 7363 7711 7968 8324 8688 9028 9376 9689 10037 10302 10642 10982 11338 11678 12018 12307 12655 12995 13351 13869
357 696 1049 1395 1734 2073 2329 2689 3028 3388 3734 3997 4336 4675 5014 5353 5692 6031 6377 6647 6986 7325 7671 8010 8363 8640 8979 9325 9630 9976 10322 10661 11000 11353 11692 12031 12315 12661 13000 13353 13951
354 692 1042 1386 1724 2062 2400 2673 3011 3367 3711 4055 4393 4648 4986 5324 5662 6000 6344 6694 7032 7370 7714 7969 8319 8675 9013 9357 9654 9998 10342 10680 11018 11368 11623 11961 12323 12667 13005 13355 13867
351 688 1035 1377 1714 2051 2388 2657 2994 3346 3688 4030 4367 4704 5041 5378 5715 6052 6311 6658 6995 7332 7674 8011 8358 8710 8964 9306 9678 10020 10362 10699 11036 11300 11637 11974 12331 12673 13010 13357 13866
348 684 1028 1368 1704 2040 2376 2724 3060 3325 3665 4005 4341 4677 5013 5349 5685 6021 6361 6705 7041 7377 7717 7970 8314 8662 8998 9338 9702 10042 10299 10635 10971 11315 11651 11987 12339 12679 13015 13359 13948
345 680 1021 1359 1694 2029 2364 2708 3043 3387 3725 4063 4398 4650 4985 5320 5655 5990 6328 6669 7004 7339 7677 8012 8353 8697 9032 9370 9643 9981 10319 10654 10989 11330 11665 12000 12347 12685 13020 13361 13947
342 676 1014 1350 1684 2018 2352 2692 3026 3366 3702 4038 4372 4706 5040 5374 5708 6042 6378 6716 7050 7384 7637 7971 8309 8649 8983 9319 9667 10003 10339 10673 11007 11345 11679 12013 12355 12691 13025 13280 13863
339 672 1007 1341 1674 2007 2340 2676 3009 3345 3679 4013 4346 4679 5012 5345 5678 6011 6345 6680 7013 7346 7680 8013 8348 8684 9017 9351 9691 10025 10359 10692 11025 11360 11693 12026 12363 12697 13030 13282 13945
