655 1179 1703 2227 2751 3275 3799 4323 4847 5371 5895 6419 6943 7467 7991 8515 9039 9563 10087 10611 11135 11659 12183 12707 13231 13755 14279 14803 15327 15851 16375 16899 17291 17815 18339 18863 19387 19911 20435 20959 21483 22007 22531 23055 23579 24103 24627 25151 25675 26199 26723 27247 27771 28295 28819 29343 29867 30391 30915 31439 31963 32487 33011 33535 34584
526 1049 1572 2225 2747 3269 3792 4315 4837 5360 5880 6403 6923 7445 7968 8487 9010 9533 10056 10578 11101 11623 12145 12668 13191 13714 14236 14759 15280 15803 16325 16846 17369 17892 18415 18938 19461 19984 20507 21022 21545 22067 22588 23111 23632 24151 24673 25194 25713 26236 26759 27282 27803 28325 28848 29371 29892 30415 30938 31459 31979 32501 33023 33543 34583
654 1176 1698 2218 2738 3258 3780 4302 4822 5344 5860 6382 6898 7418 7940 8454 8976 9498 10020 10540 11062 11582 12102 12624 13146 13668 14188 14710 15228 15750 16270 16788 17310 17832 18354 18876 19398 19920 20442 21079 21601 22121 22639 23161 23679 24193 24713 25231 25745 26267 26789 27311 27829 28349 28871 29393 29911 30433 30955 31473 31989 32509 33029 33545 34713
651 1172 1693 2211 2729 3247 3768 4289 4807 5328 5840 6361 6873 7391 7912 8421 8942 9463 9984 10502 11023 11541 12059 12580 13101 13753 14271 14792 15307 15828 16346 16861 17382 17903 18424 18945 19466 19987 20508 21005 21526 22044 22559 23080 23595 24104 24753 25268 25777 26298 26819 27340 27855 28373 28894 29415 29930 30451 30972 31487 31999 32517 33035 33547 34581
648 1168 1688 2204 2720 3236 3756 4276 4792 5312 5820 6340 6848 7364 7884 8388 8908 9559 10079 10595 11115 11631 12147 12667 13187 13707 14223 14743 15255 15775 16291 16803 17323 17843 18363 18883 19403 19923 20443 21062 21582 22098 22610 23130 23642 24146 24662 25174 25678 26329 26849 27369 27881 28397 28917 29437 29949 30469 30989 31501 32009 32525 33041 33549 34580
645 1164 1683 2197 2711 3225 3744 4263 4777 5296 5800 6319 6823 7337 7987 8486 9005 9524 10043 10557 11076 11590 12104 12623 13142 13661 14175 14694 15203 15722 16367 16876 17395 17914 18433 18952 19471 19990 20509 20988 21507 22021 22661 23180 23689 24188 24702 25211 25710 26229 26748 27267 27776 28421 28940 29459 29968 30487 31006 31515 32019 32533 33047 33551 34579
642 1160 1678 2190 2702 3214 3732 4250 4762 5280 5780 6298 6929 7441 7959 8453 8971 9489 10007 10519 11037 11549 12061 12579 13228 13746 14258 14776 15282 15800 16312 16818 17336 17854 18372 18890 19408 19926 20444 21045 21563 22075 22581 23099 23605 24230 24742 25248 25742 26260 26778 27296 27802 28314 28832 29350 29987 30505 31023 31529 32029 32541 33053 33553 34709
639 1156 1673 2183 2693 3203 3720 4237 4747 5264 5891 6408 6904 7414 7931 8420 8937 9454 9971 10481 11129 11639 12149 12666 13183 13700 14210 14727 15230 15747 16257 16891 17408 17925 18442 18959 19476 19993 20510 20971 21488 22129 22632 23149 23652 24141 24651 25154 25774 26291 26808 27325 27828 28338 28855 29372 29875 30392 31040 31543 32039 32549 33059 33555 34577
636 1152 1668 2176 2684 3192 3708 4224 4732 5248 5871 6387 6879 7387 7903 8387 9034 9550 10066 10574 11090 11598 12106 12622 13138 13654 14162 14678 15309 15825 16333 16833 17349 17865 18381 18897 19413 19929 20445 21028 21544 22052 22552 23068 23699 24183 24691 25191 25806 26322 26838 27354 27854 28362 28878 29394 29894 30410 30926 31557 32049 32557 33065 33557 34707
633 1148 1663 2169 2675 3181 3696 4211 4717 5363 5851 6366 6854 7360 7875 8485 9000 9515 10030 10536 11051 11557 12063 12578 13224 13739 14245 14760 15257 15772 16278 16775 17421 17936 18451 18966 19481 19996 20511 21085 21600 22106 22603 23118 23615 24225 24731 25228 25707 26222 26737 27252 27880 28386 28901 29416 29913 30428 30943 31440 32059 32565 33071 33559 34575
630 1144 1658 2162 2666 3170 3684 4198 4833 5347 5831 6345 6829 7464 7978 8452 8966 9480 9994 10498 11012 11647 12151 12665 13179 13693 14197 14711 15205 15850 16354 16848 17362 17876 18390 18904 19418 19932 20446 21011 21525 22029 22654 23168 23662 24136 24640 25265 25739 26253 26767 27281 27775 28410 28924 29438 29932 30446 30960 31454 32069 32573 33077 33561 34705
627 1140 1653 2155 2657 3159 3672 4316 4818 5331 5811 6324 6935 7437 7950 8419 8932 9445 9958 10591 11104 11606 12108 12621 13134 13647 14149 14793 15284 15797 16299 16790 17303 17816 18460 18973 19486 19999 20512 21068 21581 22083 22574 23087 23709 24178 24680 25171 25771 26284 26797 27310 27801 28303 28947 29460 29951 30464 30977 31468 32079 32581 33083 33563 34573
624 1136 1648 2148 2648 3148 3791 4303 4803 5315 5791 6303 6910 7410 7922 8386 9029 9541 10053 10553 11065 11565 12065 12577 13220 13732 14232 14744 15232 15744 16244 16863 17375 17887 18399 18911 19423 19935 20447 20994 21506 22137 22625 23137 23625 24220 24720 25208 25803 26315 26827 27339 27827 28327 28839 29351 29970 30482 30994 31482 32089 32589 33089 33565 34572
621 1132 1643 2141 2639 3268 3779 4290 4788 5299 5771 6413 6885 7383 7894 8484 8995 9506 10017 10515 11026 11655 12153 12664 13175 13686 14184 14695 15311 15822 16320 16805 17316 17827 18469 18980 19491 20002 20513 21051 21562 22060 22545 23056 23672 24131 24629 25245 25704 26215 26726 27368 27853 28351 28862 29373 29989 30500 31011 31496 31968 32597 33095 33567 34571
618 1128 1638 2134 2630 3257 3767 4277 4773 5283 5882 6392 6860 7356 7866 8451 8961 9471 9981 10608 11118 11614 12110 12620 13130 13640 14267 14777 15259 15769 16265 16878 17388 17898 18408 18918 19428 19938 20448 20977 21487 22114 22596 23106 23588 24173 24669 25282 25736 26246 26756 27266 27879 28375 28885 29395 29877 30518 31028 31510 31978 32605 33101 33569 34701
615 1124 1633 2127 2621 3246 3755 4264 4758 5267 5862 6371 6835 7460 7969 8418 8927 9436 10076 10570 11079 11573 12067 12576 13216 13725 14219 14728 15207 15847 16341 16820 17329 17838 18347 18987 19496 20005 20514 21034 21543 22037 22647 23156 23635 24215 24709 25188 25768 26277 26786 27295 27774 28399 28908 29417 29896 30405 31045 31524 31988 32613 33107 33571 34569
612 1120 1628 2120 2743 3235 3743 4251 4743 5251 5842 6350 6941 7433 7941 8385 9024 9532 10040 10532 11040 11532 12155 12663 13171 13679 14171 14679 15286 15794 16286 16893 17401 17909 18417 18925 19433 19941 20449 20960 21599 22091 22567 23075 23682 24126 24749 25225 25800 26308 26816 27324 27800 28423 28931 29439 29915 30423 30931 31538 31998 32490 33113 33573 34568
609 1116 1623 2113 2734 3224 3731 4238 4728 5366 5822 6329 6916 7406 7913 8483 8990 9497 10004 10494 11132 11622 12112 12619 13126 13633 14254 14761 15234 15741 16362 16835 17342 17849 18356 18994 19501 20008 20515 21017 21524 22014 22618 23125 23598 24168 24658 25262 25701 26208 26846 27353 27826 28316 28823 29461 29934 30441 30948 31552 32008 32498 33119 33575 34698
606 1112 1618 2106 2725 3213 3719 4225 4844 5350 5802 6308 6891 7379 7885 8450 8956 9462 9968 10587 11093 11581 12069 12706 13212 13718 14206 14712 15313 15819 16307 16777 17414 17920 18426 18932 19438 19944 20450 21074 21580 22068 22538 23175 23645 24210 24698 25168 25733 26239 26745 27251 27852 28340 28846 29352 29953 30459 30965 31566 32018 32506 33125 33577 34697
603 1108 1613 2099 2716 3202 3707 4212 4829 5334 5782 6418 6866 7352 7988 8417 8922 9558 10063 10549 11054 11540 12157 12662 13167 13672 14158 14794 15261 15766 16252 16850 17355 17860 18365 18870 19506 20011 20516 21000 21505 22122 22589 23094 23692 24121 24738 25205 25765 26270 26775 27280 27878 28364 28869 29374 29972 30477 30982 31449 32028 32514 33131 33579 34696
600 1104 1608 2223 2707 3191 3695 4199 4814 5318 5893 6397 6841 7456 7960 8384 9019 9523 10027 10511 11015 11630 12114 12618 13122 13626 14241 14745 15209 15844 16328 16792 17296 17931 18435 18939 19443 19947 20451 21057 21561 22045 22640 23144 23608 24163 24647 25242 25797 26301 26805 27309 27773 28388 28892 29396 29991 30495 30999 31463 32038 32522 33137 33581 34564
597 1100 1603 2216 2698 3180 3683 4317 4799 5302 5873 6376 6816 7429 7932 8482 8985 9488 9991 10604 11107 11589 12071 12705 13208 13711 14193 14696 15288 15791 16273 16865 17368 17871 18374 18877 19511 20014 20517 20983 21486 22099 22560 23063 23655 24205 24687 25279 25698 26201 26835 27338 27799 28412 28915 29418 29879 30513 31016 31477 32048 32530 33012 33583 34563
594 1096 1598 2209 2689 3169 3671 4304 4784 5286 5853 6355 6922 7402 7904 8449 8951 9453 10086 10566 11068 11548 12159 12661 13163 13665 14276 14778 15236 15738 16349 16807 17309 17942 18444 18946 19448 19950 20452 21040 21542 22022 22611 23113 23702 24116 24727 25185 25730 26232 26734 27367 27825 28305 28938 29440 29898 30400 31033 31491 32058 32538 33018 33585 34693
591 1092 1593 2202 2680 3158 3790 4291 4769 5270 5833 6334 6897 7375 7876 8416 8917 9549 10050 10528 11029 11638 12116 12617 13118 13750 14228 14729 15315 15816 16294 16880 17381 17882 18383 18884 19516 20017 20518 20966 21598 22076 22662 23163 23618 24158 24636 25222 25762 26263 26764 27265 27851 28329 28830 29462 29917 30418 30919 31505 32068 32546 33024 33587 34692
588 1088 1588 2195 2671 3147 3778 4278 4754 5254 5813 6313 6872 7348 7979 8514 9014 9514 10014 10490 11121 11597 12073 12704 13204 13704 14180 14680 15263 15763 16370 16822 17322 17822 18453 18953 19453 19953 20453 21023 21523 22130 22582 23082 23665 24200 24676 25259 25794 26294 26794 27294 27877 28353 28853 29353 29936 30436 30936 31519 32078 32554 33030 33589 34691
585 1084 1583 2188 2662 3267 3766 4265 4739 5369 5793 6292 6847 7452 7951 8481 8980 9479 9978 10583 11082 11556 12161 12660 13159 13658 14263 14762 15211 15841 16315 16895 17394 17893 18392 18891 19390 20020 20519 21080 21579 22053 22633 23132 23581 24111 24716 25165 25695 26325 26824 27323 27772 28377 28876 29375 29955 30454 30953 31533 32088 32562 33036 33591 34559
582 1080 1578 2181 2653 3256 3754 4252 4724 5353 5773 6402 6822 7425 7923 8448 8946 9444 10073 10545 11043 11646 12118 12616 13114 13743 14215 14713 15290 15788 16260 16837 17335 17833 18462 18960 19458 19956 20454 21006 21504 22107 22553 23182 23628 24153 24756 25202 25727 26225 26854 27352 27798 28401 28899 29397 29974 30472 30970 31547 31967 32570 33042 33593 34689
579 1076 1573 2174 2644 3245 3742 4239 4840 5337 5884 6381 6928 7398 7895 8415 8912 9540 10037 10507 11004 11605 12075 12703 13200 13697 14167 14795 15238 15735 16336 16779 17407 17904 18401 18898 19395 20023 20520 21063 21560 22030 22604 23101 23675 24195 24665 25239 25759 26256 26753 27250 27824 28425 28922 29419 29993 30490 30987 31561 31977 32578 33048 33595 34557
576 1072 1699 2167 2635 3234 3730 4226 4825 5321 5864 6360 6903 7371 7867 8513 9009 9505 10001 10600 11096 11564 12163 12659 13155 13651 14250 14746 15317 15813 16281 16852 17348 17844 18340 18967 19463 19959 20455 20989 21485 22084 22655 23151 23591 24106 24705 25276 25791 26287 26783 27279 27850 28318 28945 29441 29881 30508 31004 31444 31987 32586 33054 33597 34556
573 1068 1694 2160 2626 3223 3718 4213 4810 5305 5844 6339 6878 7344 7970 8480 8975 9470 9965 10562 11057 11654 12120 12615 13110 13736 14202 14697 15265 15760 16357 16794 17420 17915 18410 18905 19400 20026 20521 21046 21541 22138 22575 23070 23638 24148 24745 25182 25692 26318 26813 27308 27876 28342 28837 29463 29900 30395 31021 31458 31997 32594 33060 33599 34686
570 1064 1689 2153 2748 3212 3706 4200 4795 5289 5824 6318 6853 7448 7942 8447 8941 9435 10060 10524 11018 11613 12077 12702 13196 13690 14154 14779 15213 15838 16302 16867 17361 17855 18349 18974 19468 19962 20456 20972 21597 22061 22626 23120 23685 24190 24654 25219 25724 26218 26843 27337 27902 28366 28860 29354 29919 30413 31038 31472 32007 32602 33066 33601 34685
567 1060 1684 2146 2739 3201 3694 4318 4780 5273 5804 6297 6828 7421 7914 8414 9038 9531 10024 10486 11110 11572 12165 12658 13151 13644 14237 14730 15292 15785 16247 16809 17302 17926 18419 18912 19405 20029 20522 21029 21522 22115 22546 23170 23601 24232 24694 25256 25756 26249 26742 27366 27797 28390 28883 29376 29938 30431 30924 31486 32017 32610 33072 33603 34684
564 1056 1679 2139 2730 3190 3682 4305 4765 5257 5784 6407 6934 7394 7886 8512 9004 9496 9988 10579 11071 11531 12122 12614 13106 13729 14189 14681 15240 15732 16323 16882 17374 17866 18358 18981 19473 19965 20457 21086 21578 22038 22597 23089 23648 24143 24734 25162 25788 26280 26772 27264 27823 28414 28906 29398 29957 30449 30941 31500 32027 32618 33078 33605 34683
561 1052 1674 2132 2721 3179 3670 4292 4750 5241 5764 6386 6909 7367 7989 8479 8970 9461 10083 10541 11032 11621 12079 12701 13192 13683 14272 14763 15319 15810 16268 16824 17315 17937 18428 18919 19410 20032 20523 21012 21503 22092 22648 23139 23695 24185 24643 25199 25689 26311 26802 27293 27849 28307 28929 29420 29976 30467 30958 31514 32037 32495 33084 33607 34551
558 1048 1669 2125 2712 3168 3789 4279 4735 5356 5875 6365 6884 7340 7961 8446 8936 9557 10047 10503 11124 11580 12167 12657 13147 13637 14224 14714 15267 15757 16344 16897 17387 17877 18367 18988 19478 19968 20458 21069 21559 22015 22568 23058 23611 24227 24683 25236 25721 26211 26832 27322 27875 28331 28821 29442 29995 30485 30975 31528 32047 32503 33090 33609 34550
555 1175 1664 2118 2703 3157 3777 4266 4720 5340 5855 6344 6859 7444 7933 8413 9033 9522 10011 10596 11085 11539 12124 12613 13102 13722 14176 14796 15215 15835 16289 16839 17328 17817 18437 18926 19415 20035 20524 20995 21484 22069 22619 23108 23658 24138 24723 25273 25753 26242 26731 27351 27901 28355 28844 29464 29883 30503 30992 31542 32057 32511 33096 33611 34549
552 1171 1659 2111 2694 3146 3765 4253 4836 5324 5835 6323 6834 7417 7905 8511 8999 9487 9975 10558 11046 11629 12081 12700 13188 13676 14259 14747 15294 15782 16365 16781 17400 17888 18376 18864 19483 19971 20459 21052 21540 22123 22539 23158 23705 24180 24632 25179 25785 26273 26761 27249 27796 28379 28867 29355 29902 30521 31009 31556 32067 32519 33102 33613 34548
549 1167 1654 2104 2685 3266 3753 4240 4821 5308 5815 6302 6940 7390 7877 8478 8965 9452 10070 10520 11007 11588 12169 12656 13143 13630 14211 14698 15242 15729 16310 16854 17341 17828 18446 18933 19420 20038 20525 20978 21596 22046 22590 23077 23621 24222 24672 25216 25686 26304 26791 27278 27822 28403 28890 29377 29921 30408 31026 31570 32077 32527 33108 33615 34678
546 1163 1649 2097 2676 3255 3741 4227 4806 5292 5795 6412 6915 7363 7980 8445 8931 9548 10034 10482 11099 11547 12126 12612 13229 13715 14163 14780 15321 15807 16255 16796 17413 17899 18385 18871 19488 19974 20460 21035 21521 22100 22641 23127 23668 24133 24712 25253 25718 26204 26821 27307 27848 28296 28913 29399 29940 30426 31043 31453 32087 32535 33114 33617 34546
543 1159 1644 2221 2667 3244 3729 4214 4791 5276 5775 6391 6890 7336 7952 8412 9028 9513 9998 10575 11060 11637 12083 12699 13184 13669 14246 14731 15269 15754 16331 16869 17354 17839 18455 18940 19425 20041 20526 20961 21577 22023 22561 23177 23584 24175 24752 25159 25750 26235 26851 27336 27874 28320 28936 29421 29959 30444 30929 31467 31966 32543 33120 33619 34545
540 1155 1639 2214 2658 3233 3717 4201 4776 5260 5886 6370 6865 7440 7924 8510 8994 9478 9962 10537 11021 11596 12171 12655 13139 13754 14198 14682 15217 15832 16276 16811 17295 17910 18394 18878 19493 19977 20461 21018 21502 22077 22612 23096 23631 24217 24661 25196 25782 26266 26750 27365 27900 28344 28828 29443 29978 30462 30946 31481 31976 32551 33126 33621 34675
537 1151 1634 2207 2649 3222 3705 4319 4761 5244 5866 6349 6840 7413 7896 8477 8960 9443 10057 10499 11113 11555 12128 12611 13225 13708 14150 14764 15296 15779 16352 16884 17367 17850 18464 18947 19430 19913 20527 21075 21558 22131 22532 23146 23678 24128 24701 25233 25683 26297 26780 27263 27795 28368 28851 29465 29997 30480 30963 31495 31986 32559 33132 33623 34543
534 1147 1629 2200 2640 3211 3693 4306 4746 5359 5846 6328 6815 7386 7868 8444 8926 9539 10021 10592 11074 11645 12085 12698 13180 13662 14233 14715 15244 15726 16297 16826 17308 17921 18403 18885 19498 19980 20462 21001 21614 22054 22583 23065 23594 24170 24741 25270 25715 26328 26810 27292 27821 28392 28874 29356 29885 30498 30980 31509 31996 32567 33138 33625 34673
531 1143 1624 2193 2631 3200 3681 4293 4731 5343 5826 6307 6921 7359 7971 8411 9023 9504 9985 10554 11035 11604 12173 12654 13135 13747 14185 14797 15323 15804 16373 16768 17380 17861 18342 18954 19435 19916 20528 21058 21539 22108 22634 23115 23641 24212 24650 25176 25747 26228 26840 27321 27847 28416 28897 29378 29904 30516 30997 31523 32006 32575 33013 33627 34541
528 1139 1619 2186 2622 3189 3669 4280 4716 5327 5806 6417 6896 7463 7943 8509 8989 9469 10080 10516 11127 11563 12130 12610 13221 13701 14268 14748 15271 15751 16318 16841 17321 17932 18412 18892 19503 19983 20463 20984 21595 22031 22554 23165 23688 24123 24690 25213 25779 26259 26739 27350 27873 28309 28920 29400 29923 30403 31014 31537 32016 32583 33019 33629 34540
525 1135 1614 2179 2744 3178 3788 4267 4832 5311 5786 6396 6871 7436 7915 8476 8955 9434 10044 10609 11088 11653 12087 12697 13176 13655 14220 14699 15219 15829 16263 16783 17393 17872 18351 18961 19440 19919 20529 21041 21520 22085 22605 23084 23604 24165 24730 25250 25680 26290 26769 27248 27899 28333 28943 29422 29942 30421 31031 31551 32026 32591 33025 33631 34539
653 1131 1609 2172 2735 3167 3776 4254 4817 5295 5766 6375 6846 7409 7887 8443 8921 9530 10008 10571 11049 11612 12175 12653 13131 13740 14172 14781 15298 15776 16339 16856 17334 17943 18421 18899 19508 19986 20464 20967 21576 22008 22656 23134 23651 24207 24639 25156 25712 26321 26799 27277 27794 28357 28835 29444 29961 30439 30917 31565 32036 32599 33031 33633 34538
650 1127 1604 2165 2726 3156 3764 4241 4802 5279 5877 6354 6821 7382 7990 8410 9018 9495 9972 10533 11010 11571 12132 12609 13217 13694 14255 14732 15246 15723 16284 16798 17406 17883 18360 18968 19445 19922 20530 21024 21501 22062 22576 23184 23698 24118 24679 25193 25744 26221 26829 27306 27820 28381 28858 29466 29980 30457 30934 31448 32046 32607 33037 33635 34668
647 1123 1599 2158 2717 3145 3752 4228 4787 5263 5857 6333 6927 7355 7962 8508 8984 9460 10067 10495 11102 11530 12089 12696 13172 13648 14207 14683 15325 15801 16360 16871 17347 17823 18430 18906 19513 19989 20465 21081 21557 22116 22627 23103 23614 24160 24719 25230 25776 26252 26728 27335 27846 28405 28881 29357 29868 30475 30951 31462 32056 32615 33043 33637 34536
644 1119 1594 2151 2708 3265 3740 4215 4772 5247 5837 6312 6902 7459 7934 8475 8950 9556 10031 10588 11063 11620 12177 12652 13127 13733 14159 14765 15273 15748 16305 16813 17419 17894 18369 18975 19450 19925 20531 21007 21613 22039 22547 23153 23661 24202 24628 25267 25677 26283 26758 27364 27872 28298 28904 29379 29887 30493 30968 31476 32066 32492 33049 33639 34535
641 1115 1589 2144 2699 3254 3728 4202 4757 5362 5817 6291 6877 7432 7906 8442 8916 9521 9995 10550 11024 11579 12134 12608 13213 13687 14242 14716 15221 15826 16250 16886 17360 17834 18439 18913 19518 19992 20466 21064 21538 22093 22598 23072 23708 24113 24668 25173 25709 26314 26788 27262 27898 28322 28927 29401 29906 30511 30985 31490 32076 32500 33055 33641 34665
638 1111 1584 2137 2690 3243 3716 4320 4742 5346 5797 6401 6852 7405 7878 8409 9013 9486 9959 10512 11116 11538 12091 12695 13168 13641 14194 14798 15300 15773 16326 16828 17301 17905 18378 18982 19455 19928 20532 20990 21594 22016 22649 23122 23624 24155 24708 25210 25741 26214 26818 27291 27793 28346 28950 29423 29925 30398 31002 31504 32086 32508 33061 33643 34664
635 1107 1579 2130 2681 3232 3704 4307 4727 5330 5777 6380 6827 7378 7981 8507 8979 9451 10054 10605 11077 11628 12179 12651 13123 13726 14277 14749 15248 15720 16271 16770 17373 17845 18448 18920 19392 19995 20467 21047 21519 22070 22569 23172 23671 24197 24748 25247 25773 26245 26848 27320 27819 28370 28842 29445 29944 30416 31019 31518 31965 32516 33067 33645 34532
632 1103 1574 2123 2672 3221 3692 4294 4843 5314 5888 6359 6933 7351 7953 8474 8945 9547 10018 10567 11038 11587 12136 12607 13209 13680 14229 14700 15196 15798 16347 16843 17314 17916 18387 18989 19460 19931 20533 20973 21575 22124 22620 23091 23587 24108 24657 25153 25805 26276 26747 27349 27845 28394 28865 29467 29963 30434 31036 31532 31975 32524 33073 33647 34531
629 1099 1700 2116 2663 3210 3680 4281 4828 5298 5868 6338 6908 7455 7925 8441 8911 9512 9982 10529 11130 11546 12093 12694 13164 13634 14181 14782 15275 15745 16292 16785 17386 17856 18457 18927 19397 19998 20468 21030 21500 22047 22540 23141 23634 24150 24697 25190 25706 26307 26777 27378 27871 28418 28888 29358 29982 30452 30922 31546 31985 32532 33079 33649 34661
626 1095 1695 2109 2654 3199 3668 4268 4813 5282 5848 6317 6883 7428 7897 8408 9008 9477 10077 10491 11091 11636 12181 12650 13119 13719 14264 14733 15223 15823 16368 16858 17327 17927 18396 18865 19465 19934 20534 21087 21556 22101 22591 23060 23681 24192 24737 25227 25738 26207 26807 27276 27897 28311 28911 29380 29870 30470 30939 31560 31995 32540 33085 33651 34529
623 1091 1690 2102 2645 3188 3787 4255 4798 5266 5828 6296 6858 7401 7869 8506 8974 9442 10041 10584 11052 11595 12138 12606 13205 13673 14216 14684 15302 15770 16313 16800 17399 17867 18466 18934 19402 20001 20469 21013 21612 22024 22642 23110 23597 24234 24646 25264 25770 26238 26837 27305 27792 28335 28934 29402 29889 30488 30956 31443 32005 32548 33091 33653 34659
620 1087 1685 2226 2636 3177 3775 4242 4783 5250 5808 6406 6833 7374 7972 8473 8940 9538 10005 10546 11013 11554 12095 12693 13160 13627 14168 14766 15250 15848 16258 16873 17340 17938 18405 18872 19470 19937 20535 21070 21537 22078 22562 23160 23644 24145 24686 25170 25802 26269 26736 27334 27818 28359 28826 29424 29908 30506 30973 31457 32015 32556 33097 33655 34658
617 1083 1680 2219 2627 3166 3763 4229 4768 5365 5788 6385 6939 7347 7944 8440 9037 9503 9969 10508 11105 11644 12052 12649 13115 13712 14251 14717 15198 15795 16334 16815 17412 17878 18344 18941 19407 20004 20470 20996 21593 22132 22613 23079 23691 24187 24726 25207 25703 26300 26766 27363 27844 28383 28849 29446 29927 30393 30990 31471 32025 32564 33103 33657 34526
614 1079 1675 2212 2749 3155 3751 4216 4753 5349 5768 6364 6914 7451 7916 8407 9003 9468 10064 10601 11066 11603 12140 12605 13201 13666 14203 14799 15277 15742 16279 16888 17353 17818 18414 18879 19475 19940 20536 21053 21518 22055 22533 23129 23607 24229 24635 25244 25735 26200 26796 27261 27870 28407 28872 29468 29946 30411 31007 31485 32035 32572 33109 33659 34525
611 1075 1670 2205 2740 3144 3739 4203 4738 5333 5879 6343 6889 7424 7888 8505 8969 9433 10028 10563 11027 11562 12097 12692 13156 13751 14155 14750 15225 15820 16355 16830 17294 17889 18353 18948 19412 20007 20471 20979 21574 22109 22584 23179 23654 24140 24675 25281 25767 26231 26826 27290 27896 28300 28895 29359 29965 30429 31024 31499 32045 32580 33115 33661 34524
608 1071 1665 2198 2731 3264 3727 4321 4723 5317 5859 6322 6864 7397 7860 8472 8935 9529 9992 10525 11119 11652 12054 12648 13111 13705 14238 14701 15304 15767 16300 16772 17366 17829 18423 18886 19480 19943 20537 21036 21499 22032 22635 23098 23701 24182 24715 25187 25799 26262 26725 27319 27791 28324 28918 29381 29984 30447 31041 31513 32055 32588 33121 33663 34523
605 1067 1660 2191 2722 3253 3715 4308 4839 5301 5839 6301 6839 7370 7963 8439 9032 9494 9956 10487 11080 11611 12142 12604 13197 13659 14190 14783 15252 15845 16245 16845 17307 17900 18362 18955 19417 20010 20472 20962 21555 22086 22555 23148 23617 24224 24755 25224 25700 26293 26755 27348 27817 28348 28941 29403 29872 30465 30927 31527 32065 32596 33127 33665 34522
602 1063 1655 2184 2713 3242 3703 4295 4824 5285 5819 6411 6814 7343 7935 8406 8998 9459 10051 10580 11041 11570 12099 12691 13152 13744 14273 14734 15200 15792 16321 16787 17379 17840 18432 18893 19485 19946 20538 21019 21611 22009 22606 23067 23664 24135 24664 25261 25732 26324 26785 27377 27843 28372 28833 29425 29891 30483 30944 31541 32075 32604 33133 33536 34521
599 1059 1650 2177 2704 3231 3691 4282 4809 5269 5799 6390 6920 7447 7907 8504 8964 9555 10015 10542 11133 11529 12056 12647 13107 13698 14225 14685 15279 15739 16266 16860 17320 17911 18371 18962 19422 20013 20473 21076 21536 22063 22657 23117 23580 24177 24704 25167 25764 26224 26815 27275 27869 28396 28856 29447 29910 30501 30961 31555 32085 32612 33139 33538 34520
596 1055 1645 2170 2695 3220 3679 4269 4794 5253 5779 6369 6895 7420 7879 8471 8930 9520 9979 10504 11094 11619 12144 12603 13193 13652 14177 14767 15227 15817 16342 16802 17392 17851 18441 18900 19490 19949 20539 21002 21592 22117 22577 23167 23627 24219 24744 25204 25796 26255 26845 27304 27895 28420 28879 29469 29929 30519 30978 31569 31964 32489 33014 33540 34519
593 1051 1640 2163 2686 3209 3798 4256 4779 5368 5890 6348 6870 7393 7982 8438 9027 9485 10074 10597 11055 11578 12101 12690 13148 13737 14260 14718 15306 15764 16287 16875 17333 17922 18380 18969 19427 20016 20474 21059 21517 22040 22628 23086 23674 24130 24653 25241 25697 26286 26744 27333 27790 28313 28902 29360 29948 30406 30995 31452 31974 32497 33020 33542 34649
590 1178 1635 2156 2677 3198 3786 4243 4764 5352 5870 6327 6845 7366 7954 8405 8993 9450 10038 10559 11016 11537 12058 12646 13103 13691 14212 14800 15254 15842 16363 16817 17405 17862 18450 18907 19495 19952 20540 20985 21573 22094 22548 23136 23590 24172 24693 25278 25729 26317 26774 27362 27816 28337 28925 29382 29967 30424 31012 31466 31984 32505 33026 33544 34648
587 1174 1630 2149 2668 3187 3774 4230 4749 5336 5850 6306 6820 7339 7926 8503 8959 9546 10002 10521 11108 11627 12146 12602 13189 13645 14164 14751 15202 15789 16308 16890 17346 17933 18389 18976 19432 20019 20475 21042 21498 22017 22599 23186 23637 24214 24733 25184 25761 26217 26804 27260 27842 28361 28948 29404 29986 30442 31029 31480 31994 32513 33032 33546 34647
584 1170 1625 2142 2659 3176 3762 4217 4734 5320 5830 6416 6926 7443 7898 8470 8925 9511 9966 10483 11069 11586 12103 12689 13144 13730 14247 14702 15281 15736 16253 16832 17418 17873 18459 18914 19500 19955 20541 20968 21554 22071 22650 23105 23684 24125 24642 25221 25793 26248 26834 27289 27868 28385 28840 29426 29874 30460 31046 31494 32004 32521 33038 33548 34646
581 1166 1620 2135 2650 3165 3750 4204 4719 5304 5810 6395 6901 7416 7870 8437 9022 9476 10061 10576 11030 11545 12060 12645 13230 13684 14199 14784 15229 15814 16329 16774 17359 17944 18398 18983 19437 20022 20476 21025 21610 22125 22570 23155 23600 24167 24682 25258 25694 26279 26733 27318 27894 28409 28863 29448 29893 30478 30932 31508 32014 32529 33044 33550 34645
578 1162 1615 2128 2641 3154 3738 4322 4835 5288 5790 6374 6876 7389 7973 8404 8988 9441 10025 10538 11122 11635 12148 12601 13185 13638 14151 14735 15308 15761 16274 16847 17300 17884 18468 18921 19505 19958 20542 21082 21535 22048 22621 23074 23647 24209 24722 25164 25726 26310 26763 27347 27789 28302 28886 29470 29912 30496 30949 31522 32024 32537 33050 33552 34644
575 1158 1610 2121 2632 3274 3726 4309 4820 5272 5770 6353 6851 7362 7945 8502 8954 9537 9989 10500 11083 11594 12105 12688 13140 13723 14234 14686 15256 15839 16350 16789 17372 17824 18407 18990 19442 20025 20477 21008 21591 22102 22541 23124 23694 24120 24631 25201 25758 26210 26793 27376 27815 28326 28909 29361 29931 30514 30966 31536 32034 32545 33056 33554 34643
572 1154 1605 2114 2623 3263 3714 4296 4805 5256 5881 6332 6826 7466 7917 8469 8920 9502 10084 10593 11044 11553 12062 12644 13226 13677 14186 14768 15204 15786 16295 16862 17313 17895 18346 18928 19510 19961 20543 21065 21516 22025 22592 23174 23610 24162 24671 25238 25790 26241 26823 27274 27841 28350 28932 29383 29950 30401 30983 31550 32044 32553 33062 33556 34642
569 1150 1600 2107 2745 3252 3702 4283 4790 5240 5861 6311 6932 7439 7889 8436 9017 9467 10048 10555 11005 11643 12150 12600 13181 13631 14269 14719 15283 15733 16371 16804 17385 17835 18416 18866 19447 20028 20478 20991 21572 22079 22643 23093 23657 24204 24711 25275 25691 26272 26853 27303 27867 28374 28824 29405 29969 30419 31000 31564 32054 32561 33068 33558 34510
566 1146 1595 2100 2736 3241 3690 4270 4775 5355 5841 6290 6907 7412 7861 8403 8983 9432 10012 10517 11097 11602 12107 12687 13136 13716 14221 14801 15231 15811 16316 16877 17326 17906 18355 18935 19515 19964 20544 21048 21497 22133 22563 23143 23704 24115 24751 25181 25723 26303 26752 27332 27893 28398 28847 29427 29988 30437 31017 31447 32064 32569 33074 33560 34509
563 1142 1590 2224 2727 3230 3678 4257 4760 5339 5821 6400 6882 7385 7964 8501 8949 9528 9976 10610 11058 11561 12064 12643 13222 13670 14173 14752 15310 15758 16261 16819 17398 17846 18425 18873 19452 20031 20479 20974 21553 22056 22614 23062 23620 24157 24660 25218 25755 26203 26782 27361 27788 28422 28870 29449 29876 30455 31034 31461 32074 32577 33080 33562 34639
560 1138 1585 2217 2718 3219 3797 4244 4745 5323 5801 6379 6857 7358 7936 8468 8915 9493 10071 10572 11019 11651 12152 12599 13177 13624 14256 14703 15258 15836 16337 16892 17339 17917 18364 18942 19389 19967 20545 21031 21609 22110 22534 23112 23667 24199 24700 25255 25787 26234 26812 27259 27814 28315 28893 29471 29895 30473 30920 31475 32084 32585 33086 33564 34507
557 1134 1580 2210 2709 3208 3785 4231 4730 5307 5781 6358 6832 7462 7908 8435 9012 9458 10035 10534 11111 11610 12109 12686 13132 13709 14208 14785 15206 15783 16282 16834 17411 17857 18434 18880 19457 20034 20480 21088 21534 22033 22585 23162 23583 24110 24740 25161 25688 26265 26842 27288 27840 28339 28916 29362 29914 30491 30937 31489 32094 32593 33092 33566 34637
554 1130 1575 2203 2700 3197 3773 4218 4846 5291 5892 6337 6938 7435 7880 8402 8978 9554 9999 10496 11072 11569 12066 12642 13218 13663 14160 14736 15285 15730 16358 16776 17352 17928 18373 18949 19394 19970 20546 21014 21590 22087 22636 23081 23630 24152 24649 25198 25720 26296 26741 27317 27866 28363 28939 29384 29933 30509 30954 31503 31973 32601 33098 33568 34636
551 1126 1701 2196 2691 3186 3761 4205 4831 5275 5872 6316 6913 7408 7983 8500 8944 9519 9963 10589 11033 11528 12154 12598 13173 13748 14243 14687 15233 15808 16303 16849 17293 17868 18443 18887 19462 20037 20481 21071 21515 22010 22556 23131 23677 24194 24689 25235 25752 26327 26771 27346 27892 28387 28831 29406 29952 30396 30971 31517 31983 32609 33104 33570 34504
548 1122 1696 2189 2682 3175 3749 4192 4816 5259 5852 6295 6888 7381 7955 8467 8910 9484 10058 10551 11125 11618 12111 12685 13128 13702 14195 14769 15312 15755 16248 16791 17365 17939 18382 18956 19399 19973 20547 20997 21571 22064 22607 23181 23593 24105 24729 25272 25784 26227 26801 27375 27787 28411 28854 29428 29971 30414 30988 31531 31993 32617 33110 33572 34503
545 1118 1691 2182 2673 3164 3737 4310 4801 5243 5832 6405 6863 7354 7927 8434 9007 9449 10022 10513 11086 11577 12068 12641 13214 13656 14278 14720 15260 15833 16324 16864 17306 17879 18452 18894 19467 20040 20482 21054 21496 22118 22658 23100 23640 24147 24638 25178 25685 26258 26831 27273 27813 28304 28877 29450 29990 30432 31005 31545 32003 32494 33116 33574 34633
542 1114 1686 2175 2664 3153 3725 4297 4786 5358 5812 6384 6838 7458 7899 8401 8973 9545 9986 10606 11047 11536 12156 12597 13169 13741 14230 14802 15208 15780 16269 16806 17378 17819 18391 18963 19404 19976 20548 20980 21552 22041 22578 23150 23687 24189 24678 25215 25717 26289 26730 27302 27839 28328 28900 29472 29878 30450 31022 31559 32013 32502 33122 33576 34632
539 1110 1681 2168 2655 3273 3713 4284 4771 5342 5792 6363 6813 7431 7871 8499 8939 9510 10081 10568 11008 11626 12113 12684 13124 13695 14182 14753 15287 15727 16345 16879 17319 17890 18461 18901 19472 19912 20483 21037 21608 22095 22629 23069 23603 24231 24718 25252 25749 26320 26760 27331 27865 28352 28923 29363 29897 30468 31039 31442 32023 32510 33128 33578 34500
536 1106 1676 2161 2646 3262 3701 4271 4756 5326 5772 6342 6919 7404 7974 8466 9036 9475 10045 10530 11100 11585 12070 12640 13210 13649 14265 14704 15235 15805 16290 16821 17391 17830 18400 18970 19409 19979 20549 20963 21533 22018 22549 23119 23650 24142 24758 25158 25781 26220 26790 27360 27891 28376 28946 29385 29916 30486 30925 31456 32033 32518 33134 33580 34630
533 1102 1671 2154 2637 3251 3689 4258 4741 5310 5883 6321 6894 7377 7946 8433 9002 9440 10009 10492 11061 11544 12158 12596 13165 13734 14217 14786 15314 15752 16366 16894 17332 17901 18470 18908 19477 19915 20484 21020 21589 22072 22600 23169 23697 24184 24667 25195 25682 26251 26820 27258 27786 28400 28838 29407 29935 30504 30942 31470 32043 32526 33140 33582 34629
530 1098 1666 2147 2628 3240 3677 4245 4726 5294 5863 6300 6869 7350 7918 8400 8968 9536 9973 10585 11022 11634 12115 12683 13120 13688 14169 14737 15262 15830 16311 16836 17404 17841 18409 18977 19414 19982 20550 21077 21514 22126 22651 23088 23613 24226 24707 25232 25714 26282 26850 27287 27812 28424 28861 29429 29954 30522 30959 31484 32053 32534 33015 33584 34628
527 1094 1661 2140 2750 3229 3796 4232 4842 5278 5843 6410 6844 7454 7890 8498 8934 9501 10068 10547 11114 11593 12072 12639 13206 13642 14252 14688 15210 15777 16256 16778 17345 17912 18348 18915 19482 19918 20485 21003 21570 22049 22571 23138 23660 24137 24747 25269 25746 26313 26749 27316 27838 28317 28884 29451 29973 30409 30976 31498 32063 32542 33021 33586 34627
524 1090 1656 2133 2741 3218 3784 4219 4827 5262 5823 6389 6819 7427 7862 8465 9031 9466 10032 10509 11075 11552 12160 12595 13161 13727 14204 14770 15289 15724 16332 16851 17417 17852 18418 18984 19419 19985 20551 21060 21495 22103 22622 23057 23707 24179 24656 25175 25778 26213 26779 27345 27864 28341 28907 29473 29992 30427 30993 31512 32073 32550 33027 33588 34495
652 1086 1651 2126 2732 3207 3772 4206 4812 5246 5803 6368 6925 7400 7965 8432 8997 9562 9996 10602 11036 11642 12117 12682 13116 13681 14156 14721 15237 15802 16277 16793 17358 17923 18357 18922 19487 19921 20486 20986 21551 22026 22542 23107 23623 24221 24696 25212 25679 26244 26809 27374 27890 28365 28930 29364 29880 30445 31010 31526 32083 32558 33033 33590 34625
649 1082 1646 2119 2723 3196 3760 4193 4797 5361 5783 6347 6900 7373 7937 8399 8963 9527 9960 10564 11128 11601 12074 12638 13202 13635 14239 14672 15316 15749 16353 16866 17299 17863 18427 18991 19424 19988 20552 21043 21607 22080 22593 23157 23670 24132 24736 25249 25711 26275 26839 27272 27785 28389 28822 29386 29899 30463 31027 31540 32093 32566 33039 33592 34493
646 1078 1641 2112 2714 3185 3748 4311 4782 5345 5894 6326 6875 7346 7909 8497 8929 9492 10055 10526 11089 11560 12162 12594 13157 13720 14191 14754 15264 15827 16298 16808 17371 17934 18366 18929 19492 19924 20487 20969 21532 22134 22644 23076 23586 24174 24645 25155 25743 26306 26738 27301 27811 28413 28845 29408 29918 30481 31044 31554 31972 32574 33045 33594 34623
643 1074 1636 2105 2705 3174 3736 4298 4767 5329 5874 6305 6850 7450 7881 8464 9026 9457 10019 10488 11050 11650 12119 12681 13112 13674 14274 14705 15212 15774 16374 16881 17312 17874 18436 18867 19429 19991 20553 21026 21588 22057 22564 23126 23633 24216 24685 25192 25775 26206 26768 27330 27837 28306 28868 29430 29937 30499 30930 31568 31982 32582 33051 33596 34622
640 1070 1631 2098 2696 3163 3724 4285 4752 5313 5854 6415 6825 7423 7984 8431 8992 9553 9983 10581 11011 11609 12076 12637 13198 13628 14226 14787 15291 15721 16319 16823 17384 17945 18375 18936 19497 19927 20488 21083 21513 22111 22615 23176 23680 24127 24725 25229 25676 26237 26798 27359 27863 28330 28891 29452 29956 30517 30947 31451 31992 32590 33057 33598 34490
637 1066 1626 2222 2687 3152 3712 4272 4737 5297 5834 6394 6931 7396 7956 8398 8958 9518 10078 10543 11103 11568 12164 12593 13153 13713 14178 14738 15239 15799 16264 16896 17325 17885 18445 18874 19434 19994 20554 21009 21569 22034 22535 23095 23596 24169 24634 25266 25708 26268 26828 27257 27889 28354 28914 29474 29975 30404 30964 31465 32002 32598 33063 33600 34620
634 1062 1621 2215 2678 3272 3700 4259 4722 5281 5814 6373 6906 7369 7928 8496 8924 9483 10042 10505 11064 11658 12121 12680 13108 13667 14261 14689 15318 15746 16340 16838 17397 17825 18384 18943 19502 19930 20489 21066 21494 22088 22586 23145 23643 24211 24674 25172 25740 26299 26727 27286 27784 28378 28937 29365 29994 30422 30981 31479 32012 32606 33069 33602 34619
631 1058 1616 2208 2669 3261 3688 4246 4838 5265 5794 6352 6881 7342 7900 8463 9021 9448 10006 10598 11025 11617 12078 12636 13194 13752 14213 14771 15266 15824 16285 16780 17338 17896 18454 18881 19439 19997 20555 20992 21550 22011 22637 23064 23690 24122 24714 25209 25772 26330 26757 27315 27810 28402 28829 29387 29882 30440 30998 31493 32022 32614 33075 33604 34618
628 1054 1611 2201 2660 3250 3676 4233 4823 5249 5774 6331 6856 7446 7872 8430 8987 9544 9970 10560 11117 11576 12166 12592 13149 13706 14165 14722 15214 15771 16361 16853 17410 17836 18393 18950 19507 19933 20490 21049 21606 22065 22557 23114 23606 24164 24754 25246 25804 26230 26787 27344 27836 28426 28852 29409 29901 30458 31015 31507 32032 32491 33081 33606 34617
625 1050 1606 2194 2651 3239 3795 4220 4808 5364 5885 6310 6831 7419 7975 8397 8953 9509 10065 10522 11078 11535 12123 12679 13104 13660 14248 14673 15293 15849 16306 16795 17351 17907 18463 18888 19444 20000 20556 20975 21531 22119 22608 23164 23653 24206 24663 25152 25705 26261 26817 27373 27862 28319 28875 29431 29920 30476 31032 31521 32042 32499 33087 33608 34485
622 1177 1601 2187 2642 3228 3783 4207 4793 5348 5865 6289 6937 7392 7947 8495 8919 9474 10029 10484 11039 11625 12080 12635 13190 13745 14200 14755 15241 15796 16251 16868 17292 17847 18402 18957 19512 19936 20491 21032 21587 22042 22659 23083 23700 24117 24703 25189 25737 26292 26847 27271 27888 28343 28898 29453 29939 30494 30918 31535 32052 32507 33093 33610 34484
619 1173 1596 2180 2633 3217 3771 4194 4778 5332 5845 6399 6912 7365 7919 8462 9016 9439 9993 10577 11131 11584 12168 12591 13145 13699 14152 14706 15320 15743 16327 16810 17364 17918 18341 18895 19449 20003 20557 21089 21512 22096 22579 23133 23616 24159 24743 25226 25769 26323 26746 27300 27783 28367 28921 29344 29958 30512 30935 31549 32062 32515 33099 33612 34483
616 1169 1591 2173 2624 3206 3759 4312 4763 5316 5825 6378 6887 7338 7891 8429 8982 9535 9957 10539 11092 11543 12125 12678 13100 13653 14235 14788 15268 15821 16272 16883 17305 17858 18411 18964 19517 19939 20492 21015 21568 22019 22630 23183 23663 24201 24652 25263 25801 26223 26776 27329 27809 28391 28944 29366 29977 30399 30952 31563 32072 32523 33105 33614 34482
613 1165 1586 2166 2746 3195 3747 4299 4748 5300 5805 6357 6862 7442 7863 8396 8948 9500 10052 10501 11053 11633 12082 12634 13186 13738 14187 14739 15216 15768 16348 16825 17377 17929 18350 18902 19454 20006 20558 21072 21493 22073 22550 23102 23710 24112 24692 25169 25702 26254 26806 27358 27835 28415 28836 29388 29996 30417 30969 31446 32082 32531 33111 33616 34612
610 1161 1581 2159 2737 3184 3735 4286 4733 5284 5785 6336 6837 7415 7966 8494 8914 9465 10016 10594 11014 11592 12170 12590 13141 13692 14270 14690 15295 15846 16293 16898 17318 17869 18420 18971 19391 19942 20493 20998 21549 22127 22601 23152 23626 24154 24732 25206 25734 26285 26836 27256 27861 28308 28859 29410 29884 30435 30986 31460 32092 32539 33117 33618 34611
607 1157 1576 2152 2728 3173 3723 4273 4718 5268 5765 6315 6812 7388 7938 8461 9011 9561 9980 10556 11106 11551 12127 12677 13227 13646 14222 14772 15243 15793 16369 16840 17390 17940 18359 18909 19459 20009 20559 21055 21605 22050 22652 23071 23673 24196 24641 25243 25766 26316 26735 27285 27887 28332 28882 29432 29903 30453 31003 31474 31971 32547 33123 33620 34479
604 1153 1702 2145 2719 3162 3711 4260 4834 5252 5876 6294 6918 7361 7910 8428 8977 9526 10075 10518 11067 11641 12084 12633 13182 13731 14174 14723 15322 15740 16314 16782 17331 17880 18429 18978 19396 19945 20494 20981 21530 22104 22572 23121 23589 24107 24681 25280 25798 26216 26765 27314 27782 28356 28905 29454 29922 30471 31020 31488 31981 32555 33129 33622 34609
601 1149 1697 2138 2710 3151 3699 4247 4819 5367 5856 6404 6893 7465 7882 8395 8943 9491 10039 10480 11028 11600 12172 12589 13137 13685 14257 14674 15270 15818 16259 16855 17403 17820 18368 18916 19464 20012 20560 21038 21586 22027 22623 23171 23636 24149 24721 25186 25699 26247 26795 27343 27808 28380 28928 29345 29941 30489 31037 31502 31991 32563 33135 33624 34477
598 1145 1692 2131 2701 3271 3687 4234 4804 5351 5836 6383 6868 7438 7985 8493 8909 9456 10003 10573 11120 11559 12129 12676 13223 13639 14209 14756 15218 15765 16335 16797 17344 17891 18438 18985 19401 19948 20495 20964 21511 22081 22543 23090 23683 24191 24630 25223 25731 26278 26825 27372 27834 28404 28820 29367 29960 30507 30923 31516 32001 32571 33141 33626 34476
595 1141 1687 2124 2692 3260 3675 4221 4789 5335 5816 6362 6843 7411 7957 8460 9006 9552 9967 10535 11081 11649 12086 12632 13178 13724 14161 14707 15297 15843 16280 16870 17416 17831 18377 18923 19469 20015 20561 21021 21567 22135 22594 23140 23599 24233 24670 25260 25763 26309 26724 27270 27860 28297 28843 29389 29979 30394 30940 31530 32011 32579 33016 33628 34475
592 1137 1682 2117 2683 3249 3794 4208 4774 5319 5796 6341 6818 7384 7929 8427 8972 9517 10062 10497 11042 11608 12174 12588 13133 13678 14244 14789 15245 15790 16356 16812 17357 17902 18447 18992 19406 19951 20496 21078 21492 22058 22645 23059 23646 24144 24710 25166 25795 26209 26754 27299 27886 28321 28866 29411 29998 30412 30957 31544 32021 32587 33022 33630 34605
589 1133 1677 2110 2674 3238 3782 4195 4759 5303 5776 6320 6924 7357 7901 8394 8938 9482 10026 10590 11134 11567 12131 12675 13219 13632 14196 14740 15324 15737 16301 16885 17298 17842 18386 18930 19474 20018 20562 21004 21548 22112 22565 23109 23693 24186 24750 25203 25696 26240 26784 27328 27781 28345 28889 29433 29886 30430 30974 31558 32031 32595 33028 33632 34604
586 1129 1672 2103 2665 3227 3770 4313 4744 5287 5887 6299 6899 7461 7873 8492 9035 9447 9990 10552 11095 11657 12088 12631 13174 13717 14148 14691 15272 15815 16246 16827 17370 17913 18456 18868 19411 19954 20497 21061 21604 22035 22616 23159 23609 24228 24659 25240 25728 26271 26814 27357 27807 28369 28912 29455 29905 30448 30991 31441 32041 32603 33034 33634 34472
583 1125 1667 2096 2656 3216 3758 4300 4729 5271 5867 6409 6874 7434 7976 8459 9001 9543 10085 10514 11056 11616 12176 12587 13129 13671 14231 14773 15220 15762 16322 16769 17311 17853 18395 18937 19479 20021 20563 20987 21529 22089 22536 23078 23656 24139 24699 25277 25760 26302 26844 27255 27833 28393 28935 29346 29924 30466 31008 31455 32051 32611 33040 33636 34471
580 1121 1662 2220 2647 3205 3746 4287 4845 5255 5847 6388 6849 7407 7948 8426 8967 9508 10049 10607 11017 11575 12133 12674 13215 13625 14183 14724 15299 15840 16267 16842 17383 17924 18465 18875 19416 19957 20498 21044 21585 22012 22587 23128 23703 24181 24739 25183 25792 26202 26743 27284 27859 28417 28827 29368 29943 30484 31025 31469 32061 32488 33046 33638 34470
577 1117 1657 2213 2638 3194 3734 4274 4830 5370 5827 6367 6824 7380 7920 8393 8933 9473 10013 10569 11109 11534 12090 12630 13170 13710 14266 14675 15247 15787 16343 16784 17324 17864 18404 18944 19484 20024 20564 20970 21510 22066 22638 23178 23619 24223 24648 25220 25693 26233 26773 27313 27885 28310 28850 29390 29962 30502 31042 31483 32071 32496 33052 33640 34600
574 1113 1652 2206 2629 3183 3722 4261 4815 5354 5807 6346 6930 7353 7892 8491 9030 9438 9977 10531 11070 11624 12178 12586 13125 13664 14218 14757 15326 15734 16288 16857 17396 17935 18343 18882 19421 19960 20499 21027 21566 22120 22558 23097 23666 24134 24688 25257 25725 26264 26803 27342 27780 28334 28873 29412 29981 30520 30928 31497 32081 32504 33058 33642 34599
571 1109 1647 2199 2620 3172 3710 4248 4800 5338 5787 6325 6905 7457 7864 8458 8996 9534 10072 10493 11031 11583 12135 12673 13211 13749 14170 14708 15274 15812 16364 16799 17337 17875 18413 18951 19489 20027 20565 21084 21491 22043 22609 23147 23582 24176 24728 25163 25757 26295 26833 27371 27806 28358 28896 29434 29869 30407 30945 31511 32091 32512 33064 33644 34467
568 1105 1642 2192 2742 3161 3698 4235 4785 5322 5767 6304 6880 7430 7967 8425 8962 9499 10036 10586 11123 11542 12092 12629 13166 13703 14253 14790 15222 15759 16309 16872 17409 17946 18352 18889 19426 19963 20500 21010 21547 22097 22660 23066 23629 24218 24637 25200 25789 26326 26732 27269 27832 28382 28919 29456 29888 30425 30962 31525 31970 32520 33070 33646 34597
565 1101 1637 2185 2733 3150 3686 4222 4770 5306 5878 6414 6855 7403 7939 8392 8928 9464 10000 10548 11084 11632 12180 12585 13121 13657 14205 14741 15301 15837 16254 16814 17350 17886 18422 18958 19494 20030 20566 21067 21603 22020 22580 23116 23676 24129 24677 25237 25690 26226 26762 27298 27858 28406 28942 29347 29907 30443 30979 31539 31980 32528 33076 33648 34596
562 1097 1632 2178 2724 3270 3674 4209 4755 5290 5858 6393 6830 7376 7911 8490 9025 9560 9964 10510 11045 11591 12137 12672 13207 13742 14157 14692 15249 15784 16330 16887 17422 17826 18361 18896 19431 19966 20501 20993 21528 22074 22631 23166 23592 24171 24717 25274 25722 26257 26792 27327 27884 28299 28834 29369 29926 30461 30996 31553 31990 32536 33082 33650 34595
559 1093 1627 2171 2715 3259 3793 4196 4740 5274 5838 6372 6936 7349 7883 8457 8991 9525 10059 10603 11006 11550 12094 12628 13162 13696 14240 14774 15197 15731 16275 16829 17363 17897 18431 18965 19499 20033 20436 21050 21584 22128 22551 23085 23639 24213 24757 25180 25754 26288 26822 27356 27779 28323 28857 29391 29945 30479 31013 31567 32000 32544 33088 33652 34463
556 1089 1622 2164 2706 3248 3781 4314 4725 5258 5818 6351 6911 7453 7986 8424 8957 9490 10023 10565 11098 11640 12182 12584 13117 13650 14192 14725 15276 15809 16351 16771 17304 17837 18370 18903 19436 19969 20502 20976 21509 22051 22602 23135 23686 24124 24666 25217 25786 26319 26852 27254 27805 28347 28880 29413 29964 30497 31030 31450 32010 32552 33094 33654 34593
553 1085 1617 2157 2697 3237 3769 4301 4841 5242 5798 6330 6886 7426 7958 8391 8923 9455 9987 10527 11059 11599 12139 12671 13203 13735 14275 14676 15224 15756 16296 16844 17376 17908 18440 18972 19504 20036 20437 21033 21565 22105 22653 23185 23602 24166 24706 25254 25687 26219 26751 27283 27831 28371 28903 29435 29983 30515 30916 31464 32020 32560 33100 33656 34461
550 1081 1612 2150 2688 3226 3757 4288 4826 5357 5778 6309 6861 7399 7930 8489 9020 9551 10082 10489 11020 11558 12096 12627 13158 13689 14227 14758 15303 15834 16372 16786 17317 17848 18379 18910 19441 19972 20503 21090 21490 22028 22573 23104 23649 24208 24746 25160 25719 26250 26781 27312 27857 28395 28926 29457 29871 30402 30933 31478 32030 32568 33106 33658 34591
547 1077 1607 2143 2679 3215 3745 4275 4811 5341 5889 6288 6836 7372 7902 8456 8986 9516 10046 10582 11112 11648 12053 12583 13113 13643 14179 14709 15251 15781 16317 16859 17389 17919 18449 18979 19509 20039 20438 21016 21546 22082 22624 23154 23696 24119 24655 25197 25751 26281 26811 27341 27883 28419 28949 29348 29890 30420 30950 31492 32040 32576 33112 33660 34459
544 1073 1602 2136 2670 3204 3733 4262 4796 5325 5869 6398 6942 7345 7874 8423 8952 9481 10010 10544 11073 11607 12141 12670 13199 13728 14262 14791 15199 15728 16262 16801 17330 17859 18388 18917 19446 19975 20504 21073 21602 22136 22544 23073 23612 24161 24695 25234 25783 26312 26841 27370 27778 28312 28841 29370 29909 30438 30967 31506 32050 32584 33118 33662 34589
541 1069 1597 2129 2661 3193 3721 4249 4781 5309 5849 6377 6917 7449 7977 8390 8918 9446 9974 10506 11034 11566 12098 12626 13154 13682 14214 14742 15278 15806 16338 16874 17402 17930 18458 18986 19514 20042 20439 20999 21527 22059 22595 23123 23659 24203 24735 25271 25684 26212 26740 27268 27804 28336 28864 29392 29928 30456 30984 31520 32060 32592 33124 33664 34588
538 1065 1592 2122 2652 3182 3709 4236 4766 5293 5829 6356 6892 7422 7949 8488 9015 9542 10069 10599 11126 11656 12055 12582 13109 13636 14166 14693 15226 15753 16283 16816 17343 17870 18397 18924 19451 19978 20505 21056 21583 22113 22646 23173 23706 24114 24644 25177 25716 26243 26770 27297 27830 28360 28887 29414 29947 30474 31001 31534 32070 32600 33130 33666 34587
535 1061 1587 2115 2643 3171 3697 4223 4751 5277 5809 6335 6867 7395 7921 8455 8981 9507 10033 10561 11087 11615 12143 12669 13195 13721 14249 14775 15305 15831 16359 16889 17415 17941 18467 18993 19388 19914 20440 20982 21508 22036 22566 23092 23622 24156 24684 25214 25748 26274 26800 27326 27856 28384 28910 29436 29966 30492 31018 31548 32080 32608 33136 33537 34455
532 1057 1582 2108 2634 3160 3685 4210 4736 5261 5789 6314 6842 7368 7893 8422 8947 9472 9997 10523 11048 11574 12100 12625 13150 13675 14201 14726 15253 15778 16304 16831 17356 17881 18406 18931 19456 19981 20506 21039 21564 22090 22617 23142 23669 24198 24724 25251 25780 26305 26830 27355 27882 28408 28933 29458 29985 30510 31035 31562 32090 32616 33142 33539 34585
