12 71 138 185 251 322 371 436 514 574 641 699 741 808 883
32 79 143 198 254 348 395 434 487 544 640 677 726 807 879
13 73 174 213 272 323 405 464 515 545 600 667 715 799 867
30 100 145 212 264 345 364 442 507 533 633 665 734 794 881
49 98 124 183 245 313 357 423 519 577 648 706 758 800 853
40 70 159 192 295 312 401 447 501 537 634 660 710 812 871
51 95 148 182 240 300 380 439 530 588 643 662 709 804 877
5 83 170 235 266 347 355 455 495 573 599 700 719 791 857
19 101 151 217 242 344 388 465 494 560 622 657 743 780 858
38 66 136 205 269 352 409 462 496 536 626 690 738 771 849
16 61 163 232 290 309 372 432 521 586 642 664 718 770 868
46 72 157 220 237 304 379 457 489 575 608 697 712 818 875
23 81 149 233 261 341 369 426 473 566 649 688 727 805 855
31 78 123 201 267 324 359 458 531 583 635 696 750 768 848
55 60 119 223 248 351 399 454 475 557 595 650 765 810 885
54 88 132 228 285 298 368 441 520 556 596 683 732 793 872
58 110 120 218 250 346 390 437 513 562 605 672 740 789 844
18 107 141 184 286 315 398 417 509 541 617 693 760 821 840
29 91 131 210 253 318 375 445 508 555 625 676 747 820 860
2 86 154 226 247 326 396 428 504 572 646 704 717 790 842
17 85 161 215 294 307 385 456 486 571 632 669 721 782 863
9 103 167 179 293 334 384 418 485 539 623 671 763 795 876
53 111 122 225 238 305 411 425 476 582 598 659 759 819 865
21 82 134 208 287 333 378 438 503 543 597 695 752 798 878
11 117 128 234 263 332 400 416 483 552 644 703 755 778 836
56 93 121 189 288 329 403 444 506 554 631 655 733 769 870
1 89 153 178 280 335 406 420 529 534 639 689 716 806 866
10 64 164 231 259 343 367 472 528 547 592 656 767 796 850
6 92 166 197 258 316 387 433 481 565 621 687 766 788 874
47 114 137 196 260 301 394 453 505 581 614 686 725 779 852
27 87 152 195 277 308 382 451 488 585 630 694 724 792 846
37 116 168 211 257 297 363 419 526 584 607 702 737 785 839
14 80 156 230 284 336 376 452 499 561 628 673 729 784 847
39 90 146 191 262 330 412 449 498 550 616 670 757 802 834
36 74 129 222 291 338 366 443 492 578 629 681 730 809 833
50 76 150 207 246 350 413 431 491 568 618 682 735 801 827
7 113 135 219 281 342 383 448 493 551 638 668 728 783 861
25 105 172 216 252 302 361 460 484 553 615 666 756 824 854
22 69 126 204 289 314 404 466 500 580 604 663 748 816 838
44 97 144 200 275 303 362 421 527 535 624 680 746 813 880
48 112 139 187 292 310 356 415 480 549 647 678 744 823 859
20 102 175 214 278 321 389 435 511 548 619 658 762 773 835
15 75 171 227 274 319 377 429 524 567 591 707 745 786 837
59 106 162 199 279 337 374 414 512 589 594 674 739 776 832
41 63 130 194 282 331 386 468 502 546 610 653 731 817 884
33 84 177 203 256 306 370 422 477 590 637 685 713 814 882
43 115 158 188 271 317 360 470 482 570 611 675 754 803 830
26 67 147 229 243 354 373 461 523 538 645 654 714 815 862
52 62 133 193 255 320 410 467 497 569 612 708 736 781 851
8 99 176 221 244 296 407 450 479 542 620 705 749 774 873
3 65 173 186 241 349 365 469 474 576 593 701 753 826 869
34 109 169 224 270 353 358 430 490 532 627 679 720 775 864
24 104 140 180 283 327 402 471 478 587 636 691 711 772 843
35 68 125 209 249 311 397 463 525 540 603 698 751 825 845
28 118 142 236 239 328 393 427 522 559 613 651 742 811 831
42 108 160 181 268 325 392 446 518 564 609 661 764 787 828
4 96 127 206 273 339 381 440 516 563 602 652 761 822 856
45 94 165 202 276 299 408 459 510 558 601 684 723 777 841
57 77 155 190 265 340 391 424 517 579 606 692 722 797 829
