5 60 117 150 181 235 279 321 369 423 469
28 85 124 143 173 234 274 315 355 422 448
27 77 108 151 187 237 287 314 358 416 444
9 51 95 168 178 233 278 323 375 427 471
40 75 89 134 189 239 268 337 366 412 466
23 67 109 155 201 258 273 324 347 396 451
3 53 99 162 184 220 298 343 385 391 468
12 80 90 157 204 225 259 333 379 403 467
16 54 104 141 202 236 295 330 373 398 460
33 56 103 135 205 222 272 317 381 425 457
32 49 115 171 208 218 296 302 345 429 442
13 66 111 147 212 249 270 328 368 400 440
7 84 91 172 209 228 285 339 361 388 443
17 70 127 144 199 247 277 316 350 405 454
19 81 113 159 196 230 266 308 383 393 459
18 59 87 132 211 256 265 341 380 399 462
43 82 106 153 186 216 271 340 352 395 461
35 74 122 139 183 229 267 322 364 404 465
39 73 96 154 200 221 264 313 372 401 473
15 47 125 148 197 232 291 335 370 411 435
8 61 88 145 203 257 289 327 374 407 445
2 65 114 164 179 252 292 319 353 428 436
42 62 98 152 198 238 284 312 354 420 447
41 71 97 170 194 217 276 304 377 402 456
4 68 123 131 175 244 293 344 367 419 438
25 55 102 140 207 227 280 331 365 421 453
6 48 105 166 182 253 300 310 386 418 433
34 69 100 161 176 246 261 342 357 426 439
29 50 107 167 195 224 297 332 346 392 470
14 46 129 136 185 240 282 336 359 430 450
1 86 120 130 177 251 301 338 378 389 432
30 52 112 137 190 250 294 326 351 413 458
20 78 121 146 193 248 290 309 348 397 455
31 76 93 169 215 254 281 306 356 394 434
24 45 119 163 191 241 269 311 362 424 463
38 44 110 149 188 226 263 325 382 406 472
36 83 116 138 192 245 260 318 376 415 431
26 79 126 158 214 243 283 303 349 390 437
11 57 118 156 174 255 275 307 387 414 452
37 63 92 165 210 223 262 329 371 409 446
22 58 101 160 180 231 299 334 360 408 449
21 72 94 142 213 242 288 320 363 417 441
10 64 128 133 206 219 286 305 384 410 464
