895 1611 2327 3043 3759 4475 5191 5907 6623 7339 8055 8771 9487 10203 10919 11635 12351 13067 13783 14499 15215 15931 16647 17363 18079 18795 19511 20227 20943 21659 22375 23091 23807 24523 25239 25955 26671 27387 28103 28819 29535 30251 30967 31683 32219 32935 33651 34367 35083 35799 36515 37231 37947 38663 39379 40095 40811 41527 42243 42959 43675 44391 45107 45823 46539 47255 47971 48687 49403 50119 50835 51551 52267 52983 53699 54415 55131 55847 56563 57279 57995 58711 59427 60143 60859 61575 62291 63007 64440
718 1433 2148 3039 3752 4467 5182 5897 6612 7327 8041 8756 9470 10183 10897 11611 12325 13036 13749 14462 15177 15891 16606 17321 18036 18751 19465 20180 20892 21607 22321 23036 23751 24464 25179 25894 26609 27324 28038 28750 29465 30180 30895 31608 32323 33038 33753 34467 35181 35896 36611 37323 38037 38748 39463 40174 40889 41604 42318 43028 43743 44455 45168 45883 46598 47311 48021 48734 49449 50163 50878 51592 52307 53022 53737 54451 55165 55879 56593 57308 58022 58735 59444 60159 60873 61588 62303 63015 64439
894 1608 2322 3030 3740 4454 5168 5882 6596 7310 8022 8736 9448 10158 10870 11582 12294 13000 13710 14420 15134 15846 16560 17274 17988 18702 19414 20128 20836 21550 22262 22976 23690 24400 25114 25828 26542 27256 27968 28676 29390 30104 30818 31528 32242 32956 33670 34382 35094 35808 36522 37409 38121 38827 39541 40247 40961 41675 42387 43091 43805 44513 45223 45937 46651 47361 48065 48775 49489 50201 50915 51627 52341 53055 53769 54481 55193 55905 56617 57331 58043 58753 59455 60169 60881 61595 62309 63017 64617
891 1604 2317 3021 3728 4441 5154 5867 6580 7293 8003 8716 9426 10133 10843 11553 12263 12964 13671 14378 15091 15801 16514 17227 17940 18653 19363 20076 20780 21493 22203 22916 23629 24515 25228 25941 26654 27367 28077 28781 29494 30207 30920 31627 32340 33053 33766 34476 35186 35899 36612 37316 38026 38727 39440 40141 40854 41567 42277 42975 43688 44392 45278 45991 46704 47411 48109 48816 49529 50239 50952 51662 52375 53088 53801 54511 55221 55931 56641 57354 58064 58771 59466 60179 60889 61602 62315 63019 64437
888 1600 2312 3012 3716 4428 5140 5852 6564 7276 7984 8696 9404 10108 10816 11524 12232 12928 13632 14336 15048 15756 16468 17359 18071 18783 19491 20203 20903 21615 22323 23035 23747 24451 25163 25875 26587 27299 28007 28707 29419 30131 30843 31547 32259 32971 33683 34391 35099 35811 36523 37402 38110 38806 39518 40214 40926 41638 42346 43038 43750 44450 45154 45866 46578 47282 47974 48857 49569 50277 50989 51697 52409 53121 53833 54541 55249 55957 56665 57377 58085 58789 59477 60189 60897 61609 62321 63021 64436
885 1596 2307 3003 3704 4415 5126 5837 6548 7259 7965 8676 9382 10083 10789 11495 12201 12892 13772 14473 15184 15890 16601 17312 18023 18734 19440 20151 20847 21558 22264 22975 23686 24387 25098 25809 26520 27231 27937 28812 29523 30234 30945 31646 32357 33068 33779 34485 35191 35902 36613 37309 38015 38706 39417 40108 40819 41530 42415 43101 43812 44508 45209 45920 46631 47332 48018 48719 49430 50136 50847 51553 52443 53154 53865 54571 55277 55983 56689 57400 58106 58807 59488 60199 60905 61616 62327 63023 64435
882 1592 2302 2994 3692 4402 5112 5822 6532 7242 7946 8656 9360 10058 10762 11466 12349 13035 13733 14431 15141 15845 16555 17265 17975 18685 19389 20099 20791 21501 22205 22915 23804 24502 25212 25922 26632 27342 28046 28738 29448 30158 30868 31566 32276 32986 33696 34400 35104 35814 36524 37395 38099 38785 39495 40181 40891 41601 42305 42985 43695 44566 45264 45974 46684 47382 48062 48760 49470 50174 50884 51588 52298 53008 53718 54422 55305 56009 56713 57423 58127 58825 59499 60209 60913 61623 62333 63025 64613
879 1588 2297 2985 3680 4389 5098 5807 6516 7225 7927 8636 9338 10033 10914 11616 12318 12999 13694 14389 15098 15800 16509 17218 17927 18636 19338 20226 20914 21623 22325 23034 23743 24438 25147 25856 26565 27274 27976 28664 29373 30082 30791 31665 32374 33083 33792 34494 35196 35905 36614 37302 38004 38685 39394 40254 40963 41672 42374 43048 43757 44445 45140 45849 46558 47432 48106 48801 49510 50212 50921 51623 52332 53041 53750 54452 55154 55856 56737 57446 58148 58843 59510 60219 60921 61630 62339 63027 64612
876 1584 2292 2976 3668 4376 5084 5792 6500 7208 7908 8616 9316 10187 10887 11587 12287 12963 13655 14347 15055 15755 16642 17350 18058 18766 19466 20174 20858 21566 22266 22974 23682 24374 25082 25790 26498 27385 28085 28769 29477 30185 30893 31585 32293 33001 33709 34409 35109 35817 36525 37388 38088 38764 39472 40148 40856 41564 42264 43111 43819 44503 45195 45903 46611 47303 48150 48842 49550 50250 50958 51658 52366 53074 53782 54482 55182 55882 56582 57290 58169 58861 59521 60229 60929 61637 62345 63029 64611
873 1580 2287 2967 3656 4363 5070 5777 6484 7191 7889 8596 9473 10162 10860 11558 12256 12927 13616 14484 15191 15889 16596 17303 18010 18717 19415 20122 20802 21509 22207 22914 23800 24489 25196 25903 26610 27317 28015 28695 29402 30109 30816 31505 32391 33098 33805 34503 35201 35908 36615 37295 37993 38664 39550 40221 40928 41635 42333 42995 43702 44561 45250 45957 46664 47353 48015 48704 49411 50288 50995 51693 52400 53107 53814 54512 55210 55908 56606 57313 58011 58879 59532 60239 60937 61644 62351 63031 64431
870 1576 2282 2958 3644 4350 5056 5762 6468 7174 8049 8755 9451 10137 10833 11529 12225 12891 13756 14442 15148 15844 16550 17256 17962 18668 19364 20070 20925 21631 22327 23033 23739 24425 25131 25837 26543 27249 27945 28800 29506 30212 30918 31604 32310 33016 33722 34418 35114 35820 36526 37381 38077 38743 39449 40115 40821 41706 42402 43058 43764 44440 45126 45832 46717 47403 48059 48745 49451 50147 50853 51728 52434 53140 53846 54542 55238 55934 56630 57336 58032 58718 59543 60249 60945 61651 62357 63033 64609
867 1572 2277 2949 3632 4337 5042 5747 6452 7336 8030 8735 9429 10112 10806 11500 12194 13034 13717 14400 15105 15799 16504 17209 17914 18619 19492 20197 20869 21574 22268 22973 23678 24361 25066 25950 26655 27360 28054 28726 29431 30136 30841 31524 32229 33113 33818 34512 35206 35911 36616 37288 37982 38822 39527 40188 40893 41598 42292 43121 43826 44498 45181 45886 46591 47274 48103 48786 49491 50185 50890 51584 52289 52994 53878 54572 55266 55960 56654 57359 58053 58736 59554 60259 60953 61658 62363 63035 64608
864 1568 2272 2940 3620 4324 5028 5732 6615 7319 8011 8715 9407 10087 10779 11471 12342 12998 13678 14358 15062 15754 16637 17341 18045 18749 19441 20145 20813 21517 22209 22913 23796 24476 25180 25884 26588 27292 27984 28652 29356 30239 30943 31623 32327 33031 33735 34427 35119 35823 36527 37374 38066 38722 39426 40261 40965 41669 42361 43005 43709 44556 45236 45940 46644 47324 48147 48827 49531 50223 50927 51619 52323 53027 53731 54423 55294 55986 56678 57382 58074 58754 59565 60269 60961 61665 62369 63037 64428
861 1564 2267 2931 3608 4311 5014 5896 6599 7302 7992 8695 9385 10062 10752 11621 12311 12962 13639 14495 15198 15888 16591 17294 17997 18700 19390 20093 20936 21639 22329 23032 23735 24412 25115 25818 26521 27224 28093 28757 29460 30163 30866 31543 32246 32949 33652 34521 35211 35914 36617 37281 37971 38801 39504 40155 40858 41561 42251 43068 43771 44435 45112 45994 46697 47374 48012 48689 49571 50261 50964 51654 52357 53060 53763 54453 55143 56012 56702 57405 58095 58772 59576 60279 60969 61672 62375 63039 64427
858 1560 2262 2922 3596 4298 5179 5881 6583 7285 7973 8675 9363 10037 10904 11592 12280 12926 13779 14453 15155 15843 16545 17247 17949 18651 19339 20220 20880 21582 22270 22972 23674 24348 25229 25931 26633 27335 28023 28683 29385 30087 30789 31642 32344 33046 33748 34436 35124 35826 36528 37367 38055 38701 39403 40228 40930 41632 42320 43131 43833 44493 45167 45869 46571 47424 48056 48730 49432 50120 51001 51689 52391 53093 53795 54483 55171 55859 56726 57428 58116 58790 59587 60289 60977 61679 62381 63041 64426
855 1556 2257 2913 3584 4464 5165 5866 6567 7268 7954 8655 9341 10191 10877 11563 12249 12890 13740 14411 15112 15798 16499 17200 17901 18781 19467 20168 20824 21525 22211 22912 23792 24463 25164 25865 26566 27267 27953 28788 29489 30190 30891 31562 32263 32964 33665 34530 35216 35917 36618 37274 37960 38780 39481 40122 40823 41703 42389 43015 43716 44551 45222 45923 46624 47295 48100 48771 49472 50158 50859 51724 52425 53126 53827 54513 55199 55885 56571 57451 58137 58808 59598 60299 60985 61686 62387 63043 64425
852 1552 2252 2904 3751 4451 5151 5851 6551 7251 7935 8635 9319 10166 10850 11534 12218 13033 13701 14369 15069 15753 16632 17332 18032 18732 19416 20116 20768 21647 22331 23031 23731 24399 25099 25799 26499 27378 28062 28714 29414 30114 30814 31661 32361 33061 33761 34445 35129 35829 36529 37360 38044 38680 39380 40195 40895 41595 42279 43078 43778 44430 45277 45977 46677 47345 48144 48812 49512 50196 50896 51580 52280 53159 53859 54543 55227 55911 56595 57295 58158 58826 59430 60309 60993 61693 62393 63045 64424
849 1548 2247 2895 3739 4438 5137 5836 6535 7234 7916 8615 9476 10141 10823 11505 12187 12997 13662 14327 15205 15887 16586 17285 17984 18683 19365 20064 20891 21590 22272 22971 23670 24514 25213 25912 26611 27310 27992 28640 29518 30217 30916 31581 32280 32979 33678 34539 35221 35920 36619 37267 37949 38759 39458 40268 40967 41666 42348 42962 43840 44488 45153 45852 46551 47395 48009 48853 49552 50234 50933 51615 52314 53013 53712 54573 55255 55937 56619 57318 58000 58844 59441 60319 61001 61700 62399 63047 64423
846 1544 2242 2886 3727 4425 5123 5821 6519 7217 7897 8595 9454 10116 10796 11476 12335 12961 13623 14464 15162 15842 16540 17238 17936 18634 19493 20191 20835 21533 22213 23090 23788 24450 25148 25846 26544 27242 28101 28745 29443 30141 30839 31680 32378 33076 33774 34454 35134 35832 36530 37353 38033 38838 39536 40162 40860 41558 42417 43025 43723 44546 45208 45906 46604 47266 48053 48715 49413 50272 50970 51650 52348 53046 53744 54424 55283 55963 56643 57341 58021 58862 59452 60150 61009 61707 62405 63049 64601
843 1540 2237 2877 3715 4412 5109 5806 6503 7200 7878 8754 9432 10091 10769 11626 12304 12925 13763 14422 15119 15797 16494 17191 18067 18764 19442 20139 20779 21655 22333 23030 23727 24386 25083 25780 26656 27353 28031 28671 29368 30244 30941 31600 32297 32994 33691 34369 35226 35923 36620 37260 38117 38738 39435 40235 40932 41629 42307 43088 43785 44425 45263 45960 46657 47316 48097 48756 49453 50131 51007 51685 52382 53079 53776 54454 55132 55989 56667 57364 58042 58880 59463 60160 61017 61714 62411 63051 64421
840 1536 2232 2868 3703 4399 5095 5791 6487 7183 8038 8734 9410 10066 10742 11597 12273 12889 13724 14380 15076 15752 16627 17323 18019 18715 19391 20087 20902 21598 22274 22970 23666 24501 25197 25893 26589 27285 27961 28776 29472 30168 30864 31520 32395 33091 33787 34463 35139 35835 36531 37346 38022 38817 39513 40129 40825 41700 42376 42972 43847 44483 45139 45835 46710 47366 48141 48797 49493 50169 50865 51720 52416 53112 53808 54484 55160 56015 56691 57387 58063 58719 59474 60170 61025 61721 62417 63053 64420
837 1532 2227 3038 3691 4386 5081 5776 6471 7166 8019 8714 9388 10041 10894 11568 12242 13032 13685 14338 15212 15886 16581 17276 17971 18666 19340 20214 20846 21541 22215 23089 23784 24437 25132 25827 26522 27217 28070 28702 29397 30092 30966 31619 32314 33009 33704 34378 35231 35926 36621 37253 38106 38717 39412 40202 40897 41592 42266 43035 43730 44541 45194 45889 46584 47416 48006 48838 49533 50207 50902 51576 52271 53145 53840 54514 55188 55862 56715 57410 58084 58737 59485 60180 61033 61728 62423 63055 64598
834 1528 2222 3029 3679 4373 5067 5761 6455 7328 8000 8694 9366 10195 10867 11539 12211 12996 13646 14475 15169 15841 16535 17229 17923 18617 19468 20162 20790 21484 22335 23029 23723 24373 25067 25940 26634 27328 28000 28807 29501 30195 30889 31539 32233 33106 33800 34472 35144 35838 36532 37339 38011 38796 39490 40096 40969 41663 42335 43098 43792 44420 45249 45943 46637 47287 48050 48700 49573 50245 50939 51611 52305 52999 53872 54544 55216 55888 56739 57433 58105 58755 59496 60190 60862 61735 62429 63057 64418
831 1524 2217 3020 3667 4360 5053 5746 6618 7311 7981 8674 9344 10170 10840 11510 12180 12960 13607 14433 15126 15796 16489 17361 18054 18747 19417 20110 20913 21606 22276 22969 23662 24488 25181 25874 26567 27260 27930 28733 29426 30119 30812 31638 32331 33024 33717 34387 35236 35929 36622 37246 38095 38696 39389 40169 40862 41555 42404 42982 43854 44478 45125 45997 46690 47337 48094 48741 49434 50283 50976 51646 52339 53032 53725 54574 55244 55914 56584 57456 58126 58773 59507 60200 60870 61742 62435 63059 64596
828 1520 2212 3011 3655 4347 5039 5731 6602 7294 7962 8654 9322 10145 10813 11481 12328 12924 13747 14391 15083 15930 16622 17314 18006 18698 19366 20058 20857 21549 22217 23088 23780 24424 25116 25808 26500 27371 28039 28659 29530 30222 30914 31558 32250 32942 33813 34481 35149 35841 36533 37332 38000 38775 39467 40242 40934 41626 42294 43045 43737 44536 45180 45872 46564 47387 48138 48782 49474 50142 51013 51681 52373 53065 53757 54425 55272 55940 56608 57300 58147 58791 59518 60210 60878 61749 62441 63061 64595
825 1516 2207 3002 3643 4334 5025 5895 6586 7277 7943 8634 9479 10120 10786 11631 12297 12888 13708 14349 15040 15885 16576 17267 17958 18649 19494 20185 20801 21492 22337 23028 23719 24360 25230 25921 26612 27303 27969 28764 29455 30146 30837 31657 32348 33039 33730 34396 35241 35932 36623 37239 38084 38675 39545 40136 40827 41697 42363 43108 43799 44415 45235 45926 46617 47258 48003 48823 49514 50180 50871 51716 52407 53098 53789 54455 55300 55966 56632 57323 58168 58809 59529 60220 60886 61577 62447 63063 64415
822 1512 2202 2993 3631 4321 5190 5880 6570 7260 7924 8614 9457 10095 10759 11602 12266 13031 13669 14486 15176 15840 16530 17220 17910 18779 19443 20133 20924 21614 22278 22968 23658 24475 25165 25855 26545 27235 28078 28690 29380 30249 30939 31577 32267 32957 33826 34490 35154 35844 36534 37325 37989 38754 39444 40209 40899 41589 42253 42992 43682 44473 45111 45980 46670 47308 48047 48864 49554 50218 50908 51572 52441 53131 53821 54485 55149 55992 56656 57346 58010 58827 59540 60230 60894 61584 62453 63065 64593
819 1508 2197 2984 3619 4308 5176 5865 6554 7243 7905 8594 9435 10070 10911 11573 12235 12995 13630 14444 15133 15795 16484 17352 18041 18730 19392 20081 20868 21557 22219 23087 23776 24411 25100 25789 26657 27346 28008 28795 29484 30173 30862 31676 32365 33054 33743 34405 35246 35935 36624 37232 38073 38833 39522 40103 40971 41660 42322 43055 43744 44531 45166 45855 46544 47358 48091 48726 49415 50256 50945 51607 52296 52985 53853 54515 55177 56018 56680 57369 58031 58845 59551 60240 60902 61591 62459 63067 64413
816 1504 2192 2975 3607 4474 5162 5850 6538 7226 7886 8753 9413 10045 10884 11544 12204 12959 13770 14402 15090 15929 16617 17305 17993 18681 19341 20208 20812 21500 22339 23027 23715 24347 25214 25902 26590 27278 27938 28721 29409 30097 30964 31596 32284 32972 33660 34499 35159 35847 36535 37318 37978 38733 39421 40176 40864 41552 42391 43118 43806 44410 45221 45909 46597 47408 48135 48767 49455 50294 50982 51642 52330 53018 53706 54545 55205 55865 56704 57392 58052 58863 59562 60250 60910 61598 62465 63069 64591
813 1500 2187 2966 3595 4461 5148 5835 6522 7209 8046 8733 9391 10199 10857 11515 12173 12923 13731 14360 15047 15884 16571 17258 17945 18632 19469 20156 20935 21622 22280 22967 23654 24462 25149 25836 26523 27210 28047 28647 29513 30200 30887 31516 32382 33069 33756 34414 35251 35938 36625 37404 38062 38812 39499 40249 40936 41623 42281 43002 43689 44468 45276 45963 46650 47279 48000 48808 49495 50153 50840 51677 52364 53051 53738 54575 55233 55891 56728 57415 58073 58881 59573 60260 60918 61605 62292 63071 64411
810 1496 2182 2957 3583 4448 5134 5820 6506 7192 8027 8713 9369 10174 10830 11486 12321 13066 13692 14497 15183 15839 16525 17211 18076 18762 19418 20104 20879 21565 22221 23086 23772 24398 25084 25949 26635 27321 27977 28752 29438 30124 30810 31615 32301 32987 33673 34508 35164 35850 36536 37311 37967 38712 39398 40143 40829 41694 42350 43065 43751 44526 45152 45838 46703 47329 48044 48849 49535 50191 50877 51712 52398 53084 53770 54426 55261 55917 56573 57438 58094 58720 59584 60270 60926 61612 62298 63073 64589
807 1492 2177 2948 3750 4435 5120 5805 6490 7175 8008 8693 9347 10149 10803 11457 12290 13030 13653 14455 15140 15794 16479 17343 18028 18713 19367 20052 20823 21508 22341 23026 23711 24513 25198 25883 26568 27253 28086 28678 29363 30227 30912 31535 32220 33084 33769 34423 35256 35941 36626 37397 38051 38791 39476 40216 40901 41586 42419 43128 43813 44405 45207 45892 46577 47379 48088 48711 49575 50229 50914 51568 52432 53117 53802 54456 55289 55943 56597 57282 58115 58738 59595 60280 60934 61619 62304 63075 64409
804 1488 2172 2939 3738 4422 5106 5790 6474 7337 7989 8673 9325 10124 10776 11607 12259 12994 13614 14413 15097 15928 16612 17296 17980 18664 19495 20179 20767 21630 22282 22966 23650 24449 25133 25817 26501 27364 28016 28783 29467 30151 30835 31634 32318 33002 33686 34517 35169 35853 36537 37304 37956 38691 39554 40110 40973 41657 42309 43012 43696 44463 45262 45946 46630 47429 48132 48752 49436 50267 50951 51603 52287 53150 53834 54486 55138 55969 56621 57305 58136 58756 59606 60290 60942 61626 62310 63077 64587
801 1484 2167 2930 3726 4409 5092 5775 6458 7320 7970 8653 9482 10099 10749 11578 12228 12958 13754 14371 15054 15883 16566 17249 17932 18794 19444 20127 20890 21573 22223 23085 23768 24385 25068 25930 26613 27296 27946 28709 29392 30075 30937 31554 32237 33099 33782 34432 35261 35944 36627 37390 38040 38770 39453 40183 40866 41549 42378 43075 43758 44521 45138 46000 46683 47300 47997 48793 49476 50126 50988 51638 52321 53004 53866 54516 55166 55995 56645 57328 58157 58774 59438 60300 60950 61633 62316 63079 64586
798 1480 2162 2921 3714 4396 5078 5760 6621 7303 7951 8633 9460 10074 10901 11549 12197 12922 13715 14329 15190 15838 16520 17202 18063 18745 19393 20075 20834 21516 22343 23025 23707 24500 25182 25864 26546 27228 28055 28814 29496 30178 30860 31653 32335 33017 33699 34526 35174 35856 36538 37297 38124 38670 39531 40256 40938 41620 42268 43138 43820 44400 45193 45875 46557 47350 48041 48834 49516 50164 50846 51673 52355 53037 53719 54546 55194 56021 56669 57351 57999 58792 59449 60310 60958 61640 62322 63081 64585
795 1476 2157 2912 3702 4383 5064 5745 6605 7286 7932 8613 9438 10049 10874 11520 12345 13065 13676 14466 15147 15793 16474 17334 18015 18696 19342 20202 20778 21638 22284 22965 23646 24436 25117 25798 26658 27339 27985 28740 29421 30102 30962 31573 32254 33114 33795 34441 35087 35947 36628 37383 38029 38749 39430 40150 40831 41691 42337 43022 43703 44458 45248 45929 46610 47400 48085 48696 49556 50202 50883 51708 52389 53070 53751 54576 55222 55868 56693 57374 58020 58810 59460 60320 60966 61647 62328 63083 64584
792 1472 2152 2903 3690 4370 5050 5730 6589 7269 7913 8593 9416 10024 10847 11491 12314 13029 13637 14424 15104 15927 16607 17287 17967 18647 19470 20150 20901 21581 22225 23084 23764 24372 25231 25911 26591 27271 28094 28666 29525 30205 30885 31672 32352 33032 33712 34535 35179 35859 36539 37290 38113 38828 39508 40223 40903 41583 42406 43085 43765 44516 45124 45983 46663 47271 48129 48737 49417 50240 50920 51564 52423 53103 53783 54427 55250 55894 56717 57397 58041 58828 59471 60151 60974 61654 62334 63085 64404
789 1468 2326 2894 3678 4357 5036 5894 6573 7252 7894 8752 9394 10178 10820 11462 12283 12993 13777 14382 15061 15882 16561 17240 17919 18777 19419 20098 20845 21524 22345 23024 23703 24487 25166 25845 26524 27382 28024 28771 29450 30129 30808 31592 32271 32950 33808 34450 35092 35950 36629 37376 38018 38728 39407 40117 40975 41654 42296 42969 43827 44395 45179 45858 46716 47321 47994 48778 49457 50278 50957 51599 52278 53136 53815 54457 55278 55920 56741 57420 58062 58846 59482 60161 60982 61661 62340 63087 64582
786 1464 2321 2885 3666 4344 5022 5879 6557 7235 8054 8732 9372 10153 10793 11612 12252 12957 13738 14340 15197 15837 16515 17193 18050 18728 19368 20225 20789 21646 22286 22964 23642 24423 25101 25779 26636 27314 27954 28697 29375 30232 30910 31512 32369 33047 33725 34544 35184 35862 36540 37283 38102 38807 39485 40190 40868 41546 42365 43032 43710 44453 45234 45912 46590 47371 48038 48819 49497 50137 50994 51634 52312 52990 53847 54487 55306 55946 56586 57443 58083 58864 59493 60171 60990 61668 62346 63089 64581
783 1460 2316 2876 3654 4331 5187 5864 6541 7218 8035 8712 9350 10128 10766 11583 12221 12921 13699 14477 15154 15792 16469 17325 18002 18679 19496 20173 20912 21589 22227 23083 23760 24359 25215 25892 26569 27246 28063 28802 29479 30156 30833 31611 32288 32965 33821 34459 35097 35953 36630 37369 38007 38707 39384 40263 40940 41617 42255 43095 43772 44511 45110 45966 46643 47421 48082 48860 49537 50175 50852 51669 52346 53023 53700 54517 55155 55972 56610 57287 58104 58882 59504 60181 60998 61675 62352 63091 64401
780 1456 2311 2867 3642 4318 5173 5849 6525 7201 8016 8692 9328 10103 10918 11554 12190 13064 13660 14435 15111 15926 16602 17278 17954 18630 19445 20121 20856 21532 22347 23023 23699 24474 25150 25826 26502 27357 27993 28728 29404 30080 30935 31531 32386 33062 33738 34374 35189 35865 36541 37276 38091 38786 39462 40157 40833 41688 42324 42979 43834 44569 45165 45841 46696 47292 48126 48722 49577 50213 50889 51704 52380 53056 53732 54547 55183 55998 56634 57310 58125 58721 59515 60191 61006 61682 62358 63093 64579
777 1452 2306 3037 3630 4305 5159 5834 6509 7184 7997 8672 9485 10078 10891 11525 12338 13028 13621 14393 15068 15881 16556 17231 17906 18760 19394 20069 20800 21654 22288 22963 23638 24410 25085 25939 26614 27289 28102 28654 29508 30183 30858 31630 32305 32980 33655 34468 35102 35956 36631 37362 37996 38686 39540 40230 40905 41580 42393 43042 43717 44448 45220 45895 46570 47342 47991 48763 49438 50251 50926 51560 52414 53089 53764 54577 55211 56024 56658 57333 58146 58739 59526 60201 61014 61689 62364 63095 64578
774 1448 2301 3028 3618 4471 5145 5819 6493 7167 7978 8652 9463 10053 10864 11496 12307 12992 13761 14351 15204 15836 16510 17184 18037 18711 19343 20196 20923 21597 22229 23082 23756 24346 25199 25873 26547 27221 28032 28759 29433 30107 30960 31550 32224 33077 33751 34383 35194 35868 36542 37269 38080 38765 39439 40124 40977 41651 42283 43105 43779 44506 45275 45949 46623 47392 48035 48804 49478 50289 50963 51595 52269 53122 53796 54428 55239 55871 56682 57356 58167 58757 59537 60211 61022 61696 62370 63097 64398
771 1444 2296 3019 3606 4458 5131 5804 6477 7329 7959 8632 9441 10028 10837 11467 12276 12956 13722 14488 15161 15791 16643 17316 17989 18662 19471 20144 20867 21540 22349 23022 23695 24461 25134 25807 26659 27332 27962 28685 29358 30210 30883 31649 32322 32995 33668 34477 35107 35959 36632 37355 37985 38665 39517 40197 40870 41543 42352 42989 43841 44564 45151 45824 46676 47263 48079 48845 49518 50148 51000 51630 52303 53155 53828 54458 55267 55897 56706 57379 58009 58775 59548 60221 61030 61703 62376 63099 64397
768 1440 2291 3010 3594 4445 5117 5789 6461 7312 7940 8612 9419 10182 10810 11617 12245 12920 13683 14446 15118 15925 16597 17269 17941 18792 19420 20092 20811 21483 22290 22962 23634 24397 25069 25920 26592 27264 28071 28790 29462 30134 30806 31569 32241 33092 33764 34392 35199 35871 36543 37262 38069 38744 39416 40270 40942 41614 42421 43052 43724 44443 45206 45878 46550 47313 48123 48707 49558 50186 50858 51665 52337 53009 53860 54488 55295 55923 56730 57402 58030 58793 59559 60231 61038 61710 62382 63101 64575
765 1436 2286 3001 3582 4432 5103 5774 6445 7295 7921 8592 9397 10157 10783 11588 12214 13063 13644 14404 15075 15880 16551 17222 18072 18743 19369 20219 20934 21605 22231 23081 23752 24512 25183 25854 26525 27375 28001 28716 29387 30237 30908 31668 32339 33010 33681 34486 35112 35962 36633 37348 37974 38823 39494 40164 40835 41685 42311 43115 43786 44501 45261 45932 46603 47363 47988 48748 49419 50224 50895 51700 52371 53042 53713 54518 55144 55949 56575 57425 58051 58811 59570 60241 60867 61717 62388 63103 64395
762 1432 2281 2992 3749 4419 5089 5759 6608 7278 7902 8751 9375 10132 10756 11559 12183 13027 13605 14362 15211 15835 16505 17354 18024 18694 19497 20167 20878 21548 22351 23021 23691 24448 25118 25788 26637 27307 27931 28642 29491 30161 30831 31588 32258 33107 33777 34401 35204 35874 36544 37255 38058 38723 39393 40237 40907 41577 42380 42999 43848 44559 45137 45986 46656 47413 48032 48789 49459 50262 50932 51556 52405 53075 53745 54548 55172 55975 56599 57448 58072 58829 59581 60251 60875 61724 62394 63105 64394
759 1607 2276 2983 3737 4406 5075 5744 6592 7261 7883 8731 9353 10107 10908 11530 12331 12991 13745 14320 15168 15790 16638 17307 17976 18645 19446 20115 20822 21491 22292 22961 23630 24384 25232 25901 26570 27239 28040 28747 29416 30085 30933 31508 32356 33025 33694 34495 35117 35965 36634 37341 37963 38802 39471 40131 40979 41648 42270 43062 43731 44438 45192 45861 46709 47284 48076 48830 49499 50121 50969 51591 52439 53108 53777 54578 55200 56001 56623 57292 58093 58847 59592 60261 60883 61731 62400 63107 64393
756 1603 2271 2974 3725 4393 5061 5729 6576 7244 8043 8711 9331 10082 10881 11501 12300 12955 13706 14457 15125 15924 16592 17260 17928 18775 19395 20063 20766 21613 22233 23080 23748 24499 25167 25835 26503 27350 27970 28673 29520 30188 30856 31607 32275 32943 33790 34410 35209 35877 36545 37248 38047 38702 39549 40204 40872 41540 42339 43125 43793 44496 45247 45915 46583 47334 48120 48692 49539 50159 51006 51626 52294 53141 53809 54429 55228 55848 56647 57315 58114 58865 59603 60271 60891 61738 62406 63109 64392
753 1599 2266 2965 3713 4380 5047 5893 6560 7227 8024 8691 9309 10057 10854 11472 12269 12919 13667 14415 15082 15879 16546 17213 18059 18726 19344 20190 20889 21556 22353 23020 23687 24435 25102 25948 26615 27282 28079 28778 29445 30112 30958 31527 32373 33040 33707 34504 35122 35968 36635 37334 37952 38781 39448 40098 40944 41611 42408 43009 43676 44554 45123 45969 46636 47384 47985 48733 49579 50197 50864 51661 52328 52995 53841 54459 55256 55874 56671 57338 58135 58883 59435 60281 60899 61745 62412 63111 64391
750 1595 2261 2956 3701 4367 5033 5878 6544 7210 8005 8671 9466 10032 10827 11622 12238 13062 13628 14373 15039 15834 16500 17345 18011 18677 19472 20138 20833 21499 22294 22960 23805 24371 25216 25882 26548 27214 28009 28704 29370 30215 30881 31626 32292 32958 33803 34419 35214 35880 36546 37241 38036 38681 39526 40171 40837 41682 42298 43072 43738 44433 45178 45844 46689 47434 48029 48774 49440 50235 50901 51696 52362 53028 53873 54489 55284 55900 56695 57361 58156 58722 59446 60291 60907 61752 62418 63113 64569
747 1591 2256 2947 3689 4354 5019 5863 6528 7193 7986 8651 9444 10186 10800 11593 12207 13026 13768 14331 15175 15789 16633 17298 17963 18628 19421 20086 20777 21621 22235 23079 23744 24486 25151 25816 26660 27325 27939 28809 29474 30139 30804 31546 32390 33055 33720 34513 35127 35971 36636 37327 38120 38760 39425 40244 40909 41574 42367 43135 43800 44491 45233 45898 46563 47305 48073 48815 49480 50273 50938 51552 52396 53061 53726 54519 55133 55926 56719 57384 57998 58740 59457 60301 60915 61580 62424 63115 64389
744 1587 2251 2938 3677 4341 5184 5848 6512 7176 7967 8631 9422 10161 10773 11564 12176 12990 13729 14468 15132 15923 16587 17251 17915 18758 19370 20213 20900 21564 22355 23019 23683 24422 25086 25929 26593 27257 28048 28735 29399 30242 30906 31645 32309 32973 33816 34428 35219 35883 36547 37234 38025 38839 39503 40138 40981 41645 42257 43019 43683 44549 45109 45952 46616 47355 48117 48856 49520 50132 50975 51587 52430 53094 53758 54549 55161 55952 56564 57407 58019 58758 59468 60311 60923 61587 62430 63117 64388
741 1583 2246 2929 3665 4328 5170 5833 6496 7338 7948 8611 9400 10136 10746 11535 12324 12954 13690 14426 15089 15878 16541 17204 18046 18709 19498 20161 20844 21507 22296 22959 23801 24358 25200 25863 26526 27368 27978 28661 29503 30166 30829 31565 32228 33070 33733 34522 35132 35974 36637 37320 38109 38739 39402 40211 40874 41537 42326 43082 43745 44428 45164 45827 46669 47405 47982 48718 49560 50170 51012 51622 52285 53127 53790 54579 55189 55978 56588 57430 58040 58776 59479 60321 60931 61594 62436 63119 64566
738 1579 2241 2920 3653 4315 5156 5818 6480 7321 7929 8770 9378 10111 10898 11506 12293 12918 13651 14384 15046 15833 16495 17336 17998 18660 19447 20109 20788 21629 22237 23078 23740 24473 25135 25797 26638 27300 28087 28766 29428 30090 30931 31664 32326 32988 33829 34437 35224 35886 36548 37406 38014 38818 39480 40105 40946 41608 42395 42966 43807 44486 45219 45881 46543 47276 48026 48759 49421 50208 50870 51657 52319 53160 53822 54430 55217 56004 56612 57453 58061 58794 59490 60152 60939 61601 62442 63121 64565
735 1575 2236 2911 3641 4302 5142 5803 6464 7304 7910 8750 9356 10086 10871 11477 12262 13061 13612 14342 15182 15788 16628 17289 17950 18790 19396 20057 20911 21572 22357 23018 23679 24409 25070 25910 26571 27232 28017 28692 29532 30193 30854 31584 32245 33085 33746 34531 35137 35977 36638 37313 38098 38718 39558 40178 40839 41679 42285 43029 43690 44544 45274 45935 46596 47326 48070 48800 49461 50246 50907 51692 52353 53014 53854 54460 55245 55851 56636 57297 58082 58812 59501 60162 60947 61608 62448 63123 64564
732 1571 2231 2902 3629 4468 5128 5788 6448 7287 7891 8730 9334 10061 10844 11627 12231 13025 13752 14479 15139 15922 16582 17242 17902 18741 19345 20184 20855 21515 22298 22958 23797 24345 25184 25844 26504 27343 27947 28797 29457 30117 30956 31504 32343 33003 33663 34446 35229 35889 36549 37399 38003 38797 39457 40251 40911 41571 42354 43092 43752 44423 45150 45989 46649 47376 48114 48841 49501 50284 50944 51727 52387 53047 53707 54490 55273 55877 56660 57320 58103 58830 59512 60172 60955 61615 62454 63125 64384
729 1567 2226 2893 3617 4455 5114 5773 6611 7270 8051 8710 9312 10036 10817 11598 12200 12989 13713 14437 15096 15877 16536 17195 18033 18692 19473 20132 20799 21637 22239 23077 23736 24460 25119 25778 26616 27275 28056 28723 29382 30220 30879 31603 32262 33100 33759 34540 35142 35801 36639 37306 38087 38697 39535 40145 40983 41642 42244 42976 43814 44481 45205 45864 46702 47426 47979 48703 49541 50143 50981 51583 52421 53080 53739 54520 55301 55903 56684 57343 58124 58848 59523 60182 60963 61622 62460 63127 64383
726 1563 2221 2884 3605 4442 5100 5758 6595 7253 8032 8690 9469 10190 10790 11569 12348 12953 13674 14395 15053 15832 16490 17327 17985 18643 19422 20080 20922 21580 22359 23017 23675 24396 25233 25891 26549 27386 27986 28649 29486 30144 30802 31523 32360 33018 33676 34455 35234 35892 36550 37392 37992 38776 39434 40218 40876 41534 42313 43039 43697 44539 45260 45918 46576 47297 48023 48744 49581 50181 50839 51618 52276 53113 53771 54550 55150 55929 56708 57366 58145 58866 59534 60192 60971 61629 62466 63129 64561
723 1559 2216 2875 3593 4429 5086 5743 6579 7236 8013 8670 9447 10165 10763 11540 12317 12917 13635 14353 15189 15787 16623 17280 17937 18773 19371 20207 20866 21523 22300 22957 23793 24511 25168 25825 26661 27318 28095 28754 29411 30247 30904 31622 32279 32936 33772 34370 35147 35804 36640 37299 38076 38676 39512 40112 40948 41605 42382 43102 43759 44418 45136 45972 46629 47347 48067 48785 49442 50219 50876 51653 52310 53146 53803 54580 55178 55955 56732 57389 58166 58884 59545 60202 60979 61636 62293 63131 64381
720 1555 2211 2866 3581 4416 5072 5728 6563 7219 7994 8650 9425 10140 10915 11511 12286 13060 13775 14490 15146 15921 16577 17233 18068 18724 19499 20155 20810 21645 22241 23076 23732 24447 25103 25938 26594 27250 28025 28680 29515 30171 30827 31542 32377 33033 33689 34464 35239 35895 36551 37385 37981 38755 39411 40185 40841 41676 42272 42986 43821 44476 45191 45847 46682 47397 48111 48826 49482 50257 50913 51688 52344 53000 53835 54431 55206 55981 56577 57412 58008 58723 59556 60212 60987 61643 62299 63133 64380
717 1551 2206 3036 3748 4403 5058 5892 6547 7202 7975 8630 9403 10115 10888 11482 12255 13024 13736 14448 15103 15876 16531 17186 18020 18675 19448 20103 20933 21588 22361 23016 23671 24383 25217 25872 26527 27361 27955 28785 29440 30095 30929 31641 32296 32951 33785 34379 35152 35807 36641 37292 38065 38834 39489 40258 40913 41568 42341 43049 43704 44534 45246 45901 46556 47268 47976 48688 49522 50295 50950 51723 52378 53033 53867 54461 55234 56007 56601 57435 58029 58741 59567 60222 60995 61650 62305 63135 64379
893 1547 2201 3027 3736 4390 5044 5877 6531 7185 7956 8610 9381 10090 10861 11632 12224 12988 13697 14406 15060 15831 16485 17318 17972 18626 19397 20051 20877 21531 22302 22956 23789 24498 25152 25806 26639 27293 28064 28711 29365 30198 30852 31561 32394 33048 33702 34473 35244 35898 36552 37378 37970 38734 39388 40152 40985 41639 42410 43112 43766 44413 45122 45955 46609 47318 48020 48729 49562 50154 50987 51579 52412 53066 53720 54491 55262 55854 56625 57458 58050 58759 59578 60232 61003 61657 62311 63137 64557
890 1543 2196 3018 3724 4377 5030 5862 6515 7168 7937 8769 9359 10065 10834 11603 12193 12952 13658 14364 15196 15786 16618 17271 17924 18756 19346 20178 20821 21653 22243 23075 23728 24434 25087 25919 26572 27225 27994 28816 29469 30122 30954 31660 32313 32966 33798 34388 35157 35810 36642 37285 38054 38813 39466 40225 40878 41531 42300 42996 43828 44471 45177 45830 46662 47368 48064 48770 49423 50192 50845 51614 52446 53099 53752 54521 55290 55880 56649 57302 58071 58777 59589 60242 61011 61664 62317 63139 64556
887 1539 2191 3009 3712 4364 5016 5847 6499 7330 7918 8749 9337 10040 10807 11574 12341 12916 13619 14322 15153 15920 16572 17224 18055 18707 19474 20126 20765 21596 22363 23015 23667 24370 25201 25853 26505 27336 27924 28742 29394 30225 30877 31580 32232 33063 33715 34482 35249 35901 36553 37371 37959 38713 39544 40119 40950 41602 42369 43059 43711 44529 45232 45884 46715 47418 48108 48811 49463 50230 50882 51649 52301 53132 53784 54551 55139 55906 56673 57325 58092 58795 59600 60252 61019 61671 62323 63141 64376
884 1535 2186 3000 3700 4351 5181 5832 6483 7313 7899 8729 9315 10194 10780 11545 12310 13059 13759 14459 15110 15875 16526 17356 18007 18658 19423 20074 20888 21539 22304 22955 23785 24485 25136 25787 26617 27268 28033 28668 29498 30149 30800 31679 32330 32981 33811 34397 35162 35813 36643 37278 38043 38792 39443 40192 40843 41673 42259 43122 43773 44408 45108 45938 46589 47289 47973 48852 49503 50268 50919 51684 52335 52986 53816 54581 55167 55932 56697 57348 58113 58813 59432 60262 61027 61678 62329 63143 64375
881 1531 2181 2991 3688 4338 5167 5817 6467 7296 7880 8709 9472 10169 10753 11516 12279 13023 13720 14417 15067 15830 16480 17309 17959 18788 19372 20201 20832 21482 22245 23074 23724 24421 25071 25900 26550 27379 27963 28773 29423 30073 30902 31599 32249 33078 33728 34491 35254 35904 36554 37364 37948 38692 39521 40265 40915 41565 42328 43006 43835 44466 45163 45992 46642 47339 48017 48714 49543 50127 50956 51719 52369 53019 53848 54432 55195 55958 56721 57371 58134 58831 59443 60272 61035 61685 62335 63145 64374
878 1527 2176 2982 3676 4325 5153 5802 6451 7279 8040 8689 9450 10144 10905 11487 12248 12987 13681 14375 15203 15785 16613 17262 17911 18739 19500 20149 20776 21604 22365 23014 23663 24357 25185 25834 26662 27311 28072 28699 29527 30176 30825 31519 32347 32996 33824 34406 35167 35816 36644 37271 38032 38771 39420 40159 40987 41636 42397 43069 43718 44524 45218 45867 46695 47389 48061 48755 49404 50165 50993 51575 52403 53052 53701 54462 55223 55984 56566 57394 58155 58849 59454 60282 60864 61692 62341 63147 64373
875 1523 2171 2973 3664 4312 5139 5787 6614 7262 8021 8669 9428 10119 10878 11458 12217 12951 13642 14333 15160 15919 16567 17215 18042 18690 19449 20097 20899 21547 22306 22954 23781 24472 25120 25947 26595 27243 28002 28804 29452 30100 30927 31618 32266 33093 33741 34500 35259 35907 36555 37357 38116 38671 39498 40232 40880 41528 42287 43132 43780 44403 45273 45921 46569 47260 48105 48796 49444 50203 50851 51610 52437 53085 53733 54492 55251 56010 56590 57417 57997 58867 59465 60292 60872 61699 62347 63149 64372
872 1519 2166 2964 3652 4299 5125 5772 6598 7245 8002 8649 9406 10094 10851 11608 12186 12915 13782 14470 15117 15874 16521 17347 17994 18641 19398 20224 20843 21490 22247 23073 23720 24408 25234 25881 26528 27354 27932 28730 29377 30203 30850 31538 32364 33011 33658 34415 35172 35819 36645 37264 38021 38750 39397 40126 40952 41599 42356 43016 43842 44461 45149 45975 46622 47310 48149 48837 49484 50241 50888 51645 52292 53118 53765 54522 55279 55857 56614 57440 58018 58885 59476 60302 60880 61706 62353 63151 64550
869 1515 2161 2955 3640 4465 5111 5757 6582 7228 7983 8629 9384 10069 10824 11579 12334 13058 13743 14428 15074 15829 16475 17300 17946 18771 19347 20172 20787 21612 22367 23013 23659 24344 25169 25815 26640 27286 28041 28656 29481 30127 30952 31637 32283 33108 33754 34509 35085 35910 36556 37350 38105 38829 39475 40199 40845 41670 42246 43079 43725 44519 45204 45850 46675 47360 48014 48699 49524 50279 50925 51680 52326 53151 53797 54552 55307 55883 56638 57284 58039 58724 59487 60312 60888 61713 62359 63153 64370
866 1511 2156 2946 3628 4452 5097 5742 6566 7211 7964 8609 9362 10044 10797 11550 12303 13022 13704 14386 15210 15784 16608 17253 18077 18722 19475 20120 20910 21555 22308 22953 23777 24459 25104 25928 26573 27218 27971 28761 29406 30230 30875 31557 32381 33026 33671 34424 35177 35822 36646 37257 38010 38729 39553 40272 40917 41562 42315 42963 43787 44398 45259 45904 46549 47410 48058 48740 49564 50138 50962 51715 52360 53005 53829 54582 55156 55909 56662 57307 58060 58742 59498 60322 60896 61720 62365 63155 64548
863 1507 2151 2937 3616 4439 5083 5906 6550 7194 7945 8768 9340 10198 10770 11521 12272 12986 13665 14344 15167 15918 16562 17206 18029 18673 19424 20068 20854 21498 22249 23072 23716 24395 25218 25862 26506 27329 28080 28687 29510 30154 30798 31656 32300 32944 33767 34518 35090 35913 36557 37343 38094 38808 39452 40166 40989 41633 42384 43026 43849 44456 45135 45958 46602 47281 48102 48781 49425 50176 50999 51571 52394 53038 53861 54433 55184 55935 56686 57330 58081 58760 59509 60153 60904 61727 62371 63157 64547
860 1503 2325 2928 3604 4426 5069 5891 6534 7177 7926 8748 9318 10173 10743 11492 12241 12950 13626 14481 15124 15873 16516 17338 17981 18624 19373 20195 20798 21620 22369 23012 23655 24510 25153 25796 26618 27261 28010 28792 29435 30078 30900 31576 32398 33041 33684 34433 35182 35825 36647 37250 37999 38708 39530 40239 40882 41704 42274 43089 43732 44514 45190 45833 46655 47331 48146 48822 49465 50214 50857 51606 52428 53071 53714 54463 55212 55961 56710 57353 58102 58778 59520 60163 60912 61734 62377 63159 64546
857 1499 2320 2919 3592 4413 5055 5876 6518 7160 7907 8728 9475 10148 10895 11463 12210 12914 13766 14439 15081 15828 16470 17291 17933 18754 19501 20143 20921 21563 22310 22952 23773 24446 25088 25909 26551 27372 27940 28718 29360 30181 30823 31675 32317 32959 33780 34527 35095 35916 36558 37336 38083 38787 39429 40133 40954 41596 42343 42973 43794 44393 45245 45887 46708 47381 48011 48863 49505 50252 50894 51641 52283 53104 53746 54493 55240 55987 56734 57376 58123 58796 59531 60173 60920 61741 62383 63161 64366
854 1495 2315 2910 3580 4400 5041 5861 6502 7322 7888 8708 9453 10123 10868 11613 12179 13057 13727 14397 15038 15783 16603 17244 18064 18705 19450 20091 20865 21506 22251 23071 23712 24382 25202 25843 26663 27304 28049 28644 29464 30105 30925 31595 32236 33056 33697 34442 35187 35828 36648 37243 37988 38687 39507 40206 40847 41667 42412 43036 43677 44451 45121 45941 46582 47431 48055 48725 49545 50290 50931 51676 52317 53137 53778 54523 55268 56013 56579 57399 58144 58814 59542 60183 60928 61748 62389 63163 64365
851 1491 2310 2901 3747 4387 5027 5846 6486 7305 8048 8688 9431 10098 10841 11584 12327 13021 13688 14355 15174 15917 16557 17197 18016 18656 19399 20218 20809 21628 22371 23011 23651 24497 25137 25777 26596 27236 27979 28749 29389 30208 30848 31515 32334 32974 33793 34536 35100 35919 36559 37329 38072 38766 39406 40100 40919 41559 42302 43099 43739 44509 45176 45995 46635 47302 48099 48766 49406 50149 50968 51711 52351 52991 53810 54553 55296 55860 56603 57422 58165 58832 59553 60193 60936 61576 62395 63165 64364
848 1487 2305 2892 3735 4374 5013 5831 6470 7288 8029 8668 9409 10073 10814 11555 12296 12985 13649 14492 15131 15872 16511 17329 17968 18786 19348 20166 20932 21571 22312 22951 23769 24433 25072 25890 26529 27347 28088 28675 29493 30132 30950 31614 32253 33071 33710 34451 35192 35831 36649 37236 37977 38666 39484 40173 40812 41630 42371 42983 43801 44567 45231 45870 46688 47352 48143 48807 49446 50187 51005 51567 52385 53024 53842 54583 55145 55886 56627 57445 58007 58850 59564 60203 60944 61583 62401 63167 64363
845 1483 2300 2883 3723 4361 5178 5816 6454 7271 8010 8648 9387 10048 10787 11526 12265 12949 13610 14450 15088 15827 16644 17282 17920 18737 19476 20114 20876 21514 22253 23070 23708 24369 25186 25824 26641 27279 28018 28780 29418 30235 30873 31534 32351 32989 33806 34545 35105 35922 36560 37322 38061 38745 39383 40246 40884 41701 42261 43046 43684 44446 45286 45924 46562 47402 48008 48848 49486 50225 50863 51602 52419 53057 53874 54434 55173 55912 56651 57289 58028 58868 59575 60213 60952 61590 62407 63169 64541
842 1479 2295 2874 3711 4348 5164 5801 6617 7254 7991 8628 9365 10202 10760 11497 12234 12913 13750 14408 15045 15782 16598 17235 18051 18688 19425 20062 20820 21636 22373 23010 23647 24484 25121 25937 26574 27211 27948 28706 29522 30159 30796 31633 32270 33086 33723 34460 35197 35834 36650 37408 37966 38824 39461 40140 40956 41593 42330 43109 43746 44504 45162 45978 46615 47273 48052 48710 49526 50263 50900 51637 52274 53090 53727 54464 55201 55938 56675 57312 58049 58886 59586 60223 60960 61597 62413 63171 64540
839 1475 2290 2865 3699 4335 5150 5786 6601 7237 7972 8608 9343 10177 10912 11468 12203 13056 13711 14366 15181 15916 16552 17188 18003 18639 19374 20189 20764 21579 22314 22950 23765 24420 25235 25871 26507 27322 28057 28811 29447 30083 30898 31553 32368 33004 33819 34375 35110 35925 36561 37315 38050 38724 39539 40213 40849 41664 42399 42993 43808 44562 45217 45853 46668 47323 48096 48751 49566 50122 50937 51672 52308 53123 53759 54494 55229 55964 56699 57335 58070 58725 59597 60233 60968 61604 62419 63173 64360
836 1471 2285 3035 3687 4322 5136 5771 6585 7220 7953 8767 9321 10152 10885 11618 12172 13020 13672 14324 15138 15871 16506 17320 17955 18769 19502 20137 20887 21522 22255 23069 23704 24356 25170 25805 26619 27254 27987 28737 29372 30186 30821 31652 32287 33101 33736 34469 35202 35837 36651 37401 37955 38803 39438 40107 40921 41556 42289 43056 43691 44441 45272 45907 46542 47373 48140 48792 49427 50160 50974 51707 52342 53156 53791 54524 55257 55990 56723 57358 58091 58743 59429 60243 60976 61611 62425 63175 64359
833 1467 2280 3026 3675 4309 5122 5756 6569 7203 7934 8747 9478 10127 10858 11589 12320 12984 13633 14461 15095 15826 16639 17273 17907 18720 19451 20085 20831 21644 22196 23009 23643 24471 25105 25918 26552 27365 28096 28663 29476 30110 30923 31572 32385 33019 33653 34384 35115 35928 36562 37308 38039 38703 39516 40180 40814 41627 42358 43119 43753 44499 45148 45961 46595 47423 48005 48833 49467 50198 51011 51563 52376 53010 53823 54554 55285 56016 56568 57381 58112 58761 59440 60253 60984 61618 62431 63177 64358
830 1463 2275 3017 3663 4296 5108 5741 6553 7186 7915 8727 9456 10102 10831 11560 12289 12948 13773 14419 15052 15781 16593 17226 18038 18671 19400 20212 20775 21587 22316 22949 23761 24407 25219 25852 26664 27297 28026 28768 29401 30213 30846 31671 32304 32937 33749 34478 35207 35840 36652 37394 38123 38782 39415 40253 40886 41698 42248 43003 43815 44557 45203 45836 46648 47294 48049 48695 49507 50236 50869 51598 52410 53043 53855 54584 55134 55863 56592 57404 58133 58779 59451 60263 60992 61625 62437 63179 64357
827 1459 2270 3008 3651 4462 5094 5905 6537 7169 7896 8707 9434 10077 10804 11531 12258 12912 13734 14377 15188 15915 16547 17358 17990 18622 19349 20160 20898 21530 22257 23068 23700 24522 25154 25786 26597 27229 27956 28694 29505 30137 30948 31591 32223 33034 33666 34393 35120 35931 36563 37301 38028 38682 39493 40147 40958 41590 42317 43066 43698 44436 45258 45890 46701 47344 48093 48736 49547 50274 50906 51633 52444 53076 53708 54435 55162 55889 56616 57427 58154 58797 59462 60273 61000 61632 62443 63181 64535
824 1455 2265 2999 3639 4449 5080 5890 6521 7331 7877 8687 9412 10052 10777 11502 12227 13055 13695 14335 15145 15870 16501 17311 17942 18752 19477 20108 20842 21652 22198 23008 23639 24458 25089 25899 26530 27340 28065 28799 29430 30240 30871 31511 32321 32952 33762 34487 35212 35843 36653 37387 38112 38761 39392 40220 40851 41661 42386 43129 43760 44494 45134 45944 46575 47394 48137 48777 49408 50133 50943 51668 52299 53109 53740 54465 55190 55915 56640 57450 57996 58815 59473 60283 61008 61639 62449 63183 64355
821 1451 2260 2990 3627 4436 5066 5875 6505 7314 8037 8667 9390 10027 10750 11473 12196 13019 13656 14472 15102 15825 16634 17264 18073 18703 19426 20056 20786 21595 22318 22948 23757 24394 25203 25833 26642 27272 27995 28725 29534 30164 30794 31610 32240 33049 33679 34402 35125 35934 36564 37294 38017 38840 39470 40114 40923 41553 42276 43013 43822 44552 45189 45998 46628 47265 48002 48818 49448 50171 50980 51703 52333 53142 53772 54495 55218 55941 56664 57294 58017 58833 59484 60293 61016 61646 62455 63185 64533
818 1447 2255 2981 3615 4423 5052 5860 6489 7297 8018 8647 9368 10181 10902 11623 12344 12983 13617 14430 15059 15780 16588 17217 18025 18654 19375 20183 20909 21538 22259 23067 23696 24509 25138 25946 26575 27383 27925 28651 29459 30088 30896 31530 32338 32967 33775 34496 35217 35846 36654 37380 38101 38740 39548 40187 40816 41624 42345 43076 43705 44431 45244 45873 46681 47315 48046 48859 49488 50209 50838 51559 52367 52996 53804 54525 55246 55967 56688 57317 58038 58851 59495 60303 61024 61653 62461 63008 64353
815 1443 2250 2972 3603 4410 5038 5845 6473 7280 7999 8627 9346 10156 10875 11594 12313 12947 13757 14388 15195 15914 16542 17349 17977 18784 19503 20131 20853 21481 22200 23007 23635 24445 25073 25880 26508 27315 28034 28756 29384 30191 30819 31629 32257 33064 33692 34411 35130 35937 36565 37287 38006 38819 39447 40260 40888 41695 42414 42960 43767 44489 45120 45927 46555 47365 48090 48721 49528 50247 50875 51594 52401 53029 53836 54555 55274 55993 56712 57340 58059 58869 59506 60313 61032 61660 62467 63010 64352
812 1439 2245 2963 3591 4397 5024 5830 6457 7263 7980 8607 9324 10131 10848 11565 12282 12911 13718 14346 15152 15869 16496 17302 17929 18735 19452 20079 20797 21603 22320 22947 23753 24381 25187 25814 26620 27247 27964 28682 29488 30115 30921 31549 32355 32982 33788 34505 35222 35849 36655 37373 38090 38719 39525 40154 40960 41587 42304 43023 43829 44547 45175 45981 46608 47415 48134 48762 49568 50285 50912 51629 52435 53062 53868 54585 55302 56019 56736 57363 58080 58887 59517 60144 60861 61667 62294 63012 64351
809 1435 2240 2954 3758 4384 5189 5815 6620 7246 7961 8766 9481 10106 10821 11536 12251 13054 13679 14483 15109 15824 16629 17255 18060 18686 19401 20206 20920 21546 22261 23066 23692 24496 25122 25927 26553 27358 28073 28787 29413 30218 30844 31648 32274 33079 33705 34420 35135 35940 36566 37280 37995 38798 39424 40227 40853 41658 42373 43086 43712 44426 45230 45856 46661 47286 47999 48803 49429 50144 50949 51664 52290 53095 53721 54436 55151 55866 56581 57386 58101 58726 59528 60154 60869 61674 62300 63014 64529
806 1610 2235 2945 3746 4371 5175 5800 6604 7229 7942 8746 9459 10081 10794 11507 12220 13018 13640 14441 15066 15779 16583 17208 18012 18637 19350 20154 20864 21489 22202 23006 23631 24432 25236 25861 26665 27290 28003 28713 29517 30142 30946 31568 32372 32997 33801 34514 35227 35852 36656 37366 38079 38698 39502 40121 40925 41550 42263 42970 43774 44484 45285 45910 46714 47336 48043 48844 49469 50182 50986 51699 52324 53128 53753 54466 55179 55892 56605 57409 58122 58744 59539 60164 60877 61681 62306 63016 64528
803 1606 2230 2936 3734 4358 5161 5785 6588 7212 7923 8726 9437 10056 10767 11478 12189 12982 13780 14399 15202 15913 16537 17340 17964 18767 19478 20102 20808 21611 22322 22946 23749 24368 25171 25795 26598 27222 27933 28818 29442 30245 30869 31667 32291 33094 33718 34429 35140 35943 36567 37273 37984 38777 39401 40194 40818 41621 42332 43033 43836 44542 45161 45964 46588 47386 48087 48706 49509 50220 50844 51555 52358 53161 53785 54496 55207 55918 56629 57432 58143 58762 59550 60174 60885 61688 62312 63018 64527
800 1602 2225 2927 3722 4345 5147 5770 6572 7195 7904 8706 9415 10031 10740 11628 12337 12946 13741 14357 15159 15868 16491 17293 17916 18718 19427 20050 20931 21554 22263 23065 23688 24483 25106 25908 26531 27333 28042 28744 29367 30169 30792 31587 32389 33012 33814 34523 35232 35855 36657 37359 38068 38677 39479 40267 40890 41692 42401 43096 43719 44421 45216 45839 46641 47257 48131 48747 49549 50258 50881 51590 52392 53015 53817 54526 55235 55944 56653 57455 58164 58780 59561 60184 60893 61695 62318 63020 64347
797 1598 2220 2918 3710 4332 5133 5755 6556 7178 7885 8686 9393 10185 10892 11599 12306 12910 13702 14494 15116 15823 16624 17246 18047 18669 19376 20177 20875 21497 22204 23005 23806 24419 25220 25842 26643 27265 27972 28670 29471 30093 30894 31507 32308 33109 33731 34438 35145 35946 36568 37266 37973 38756 39557 40161 40962 41584 42291 42980 43781 44479 45271 45893 46694 47307 47996 48788 49410 50296 50918 51625 52426 53048 53849 54556 55263 55970 56677 57299 58006 58798 59572 60194 60901 61702 62324 63022 64525
794 1594 2215 2909 3698 4319 5119 5740 6540 7161 8045 8666 9371 10160 10865 11570 12275 13053 13663 14452 15073 15778 16578 17199 17999 18620 19504 20125 20819 21619 22324 22945 23745 24355 25155 25776 26576 27376 28081 28775 29396 30196 30817 31606 32227 33027 33827 34532 35237 35858 36658 37352 38057 38835 39456 40234 40855 41655 42360 43043 43843 44537 45147 45947 46568 47357 48040 48829 49450 50155 50955 51660 52281 53081 53702 54586 55291 55996 56701 57322 58027 58816 59583 60204 60909 61709 62330 63024 64345
791 1590 2210 2900 3686 4306 5105 5904 6524 7323 8026 8646 9349 10135 10838 11541 12244 13017 13624 14410 15209 15912 16532 17331 17951 18750 19453 20073 20942 21562 22265 23064 23684 24470 25090 25889 26509 27308 28011 28701 29500 30120 30919 31526 32325 32945 33744 34447 35150 35949 36569 37259 37962 38735 39534 40128 40927 41547 42250 43106 43726 44416 45202 46001 46621 47407 48084 48691 49490 50193 50992 51695 52315 53114 53734 54437 55140 56022 56725 57345 58048 58834 59594 60214 60917 61716 62336 63026 64523
788 1586 2205 2891 3674 4472 5091 5889 6508 7306 8007 8626 9327 10110 10811 11512 12213 12981 13764 14368 15166 15867 16486 17284 17903 18701 19402 20200 20886 21505 22206 23004 23802 24406 25204 25823 26621 27240 27941 28806 29425 30223 30842 31625 32244 33042 33661 34541 35242 35861 36659 37345 38046 38814 39433 40201 40820 41618 42319 42990 43788 44474 45257 45876 46674 47278 48128 48732 49530 50231 50850 51730 52349 53147 53766 54467 55168 55869 56570 57368 58069 58852 59605 60224 60925 61723 62342 63028 64522
785 1582 2200 2882 3662 4459 5077 5874 6492 7289 7988 8606 9484 10085 10784 11483 12182 12945 13725 14326 15123 15822 16619 17237 18034 18652 19351 20148 20830 21627 22326 22944 23741 24521 25139 25936 26554 27351 28050 28732 29529 30147 30944 31545 32342 32960 33757 34456 35155 35952 36570 37252 37951 38714 39511 40274 40892 41689 42388 43053 43850 44532 45133 45930 46548 47328 47993 48773 49570 50269 50887 51586 52383 53001 53798 54497 55196 55895 56594 57391 58090 58870 59437 60234 60933 61730 62348 63030 64521
782 1578 2195 2873 3650 4446 5063 5859 6476 7272 7969 8765 9462 10060 10757 11633 12330 12909 13686 14463 15080 15777 16573 17190 17986 18782 19479 20096 20774 21570 22267 23063 23680 24457 25074 25870 26666 27283 27980 28658 29454 30250 30867 31644 32261 33057 33674 34371 35247 35864 36660 37338 38035 38793 39410 40168 40964 41581 42278 43116 43733 44411 45188 45984 46601 47378 48037 48814 49431 50128 50924 51621 52417 53034 53830 54527 55224 55921 56618 57414 58111 58888 59448 60244 60941 61737 62354 63032 64520
779 1574 2190 2864 3638 4433 5049 5844 6460 7255 7950 8745 9440 10035 10909 11604 12299 13052 13647 14421 15037 15911 16527 17322 17938 18733 19428 20223 20897 21513 22208 23003 23798 24393 25188 25804 26599 27215 28089 28763 29379 30174 30790 31564 32359 32975 33770 34465 35160 35955 36571 37245 38119 38693 39488 40241 40857 41652 42347 43000 43795 44469 45243 45859 46654 47428 48081 48855 49471 50166 50961 51656 52272 53067 53862 54557 55252 55947 56642 57437 58132 58727 59459 60254 60949 61744 62360 63034 64340
776 1570 2185 3034 3626 4420 5035 5829 6444 7238 7931 8725 9418 10189 10882 11575 12268 13016 13608 14379 15173 15866 16481 17275 18069 18684 19377 20171 20841 21635 22328 22943 23737 24508 25123 25917 26532 27326 28019 28689 29483 30098 30892 31663 32278 33072 33687 34380 35252 35867 36661 37331 38024 38772 39387 40135 40929 41544 42416 43063 43678 44527 45119 45913 46707 47299 48125 48717 49511 50204 50998 51691 52306 53100 53715 54587 55280 55973 56666 57281 58153 58745 59470 60264 60957 61751 62366 63036 64339
773 1566 2180 3025 3614 4407 5021 5814 6607 7221 7912 8705 9396 10164 10855 11546 12237 12980 13748 14337 15130 15821 16614 17228 18021 18635 19505 20119 20785 21578 22269 23062 23676 24444 25237 25851 26644 27258 27949 28794 29408 30201 30815 31583 32376 32990 33783 34474 35165 35958 36572 37238 38108 38672 39465 40208 40822 41615 42306 43126 43740 44406 45174 45967 46581 47349 47990 48758 49551 50242 50856 51726 52340 53133 53747 54438 55308 55999 56690 57304 58174 58763 59481 60274 60965 61579 62372 63038 64517
770 1562 2175 3016 3602 4394 5186 5799 6591 7204 7893 8685 9374 10139 10828 11517 12206 12944 13709 14474 15087 15776 16568 17360 17973 18765 19454 20067 20908 21521 22210 23002 23794 24380 25172 25785 26577 27369 28058 28720 29512 30125 30917 31682 32295 33087 33700 34389 35257 35870 36662 37324 38013 38751 39543 40102 40894 41686 42375 43010 43802 44464 45229 45842 46634 47399 48034 48799 49412 50280 50893 51582 52374 52987 53779 54468 55157 56025 56714 57327 58016 58781 59492 60284 60973 61586 62378 63040 64516
767 1558 2170 3007 3590 4381 5172 5784 6575 7187 8053 8665 9352 10114 10801 11488 12175 12908 13670 14432 15044 15910 16522 17313 17925 18716 19403 20194 20852 21643 22330 22942 23733 24495 25107 25898 26510 27301 27988 28646 29437 30228 30840 31602 32393 33005 33796 34483 35170 35961 36573 37410 38097 38830 39442 40175 40966 41578 42265 43073 43685 44522 45284 45896 46687 47270 48078 48840 49452 50139 50930 51617 52408 53020 53811 54498 55185 55872 56738 57350 58037 58799 59503 60294 60981 61593 62384 63042 64515
764 1554 2165 2998 3757 4368 5158 5769 6559 7170 8034 8645 9330 10089 10774 11459 12323 13051 13631 14390 15180 15865 16476 17266 18056 18667 19352 20142 20796 21586 22271 23061 23672 24431 25221 25832 26622 27233 28097 28751 29362 30152 30942 31522 32312 33102 33713 34398 35262 35873 36663 37317 38002 38730 39520 40248 40859 41649 42334 43136 43747 44401 45160 45950 46561 47320 48122 48702 49492 50177 50967 51652 52442 53053 53843 54528 55213 55898 56583 57373 58058 58817 59514 60304 60989 61600 62390 63044 64514
761 1550 2160 2989 3745 4355 5144 5754 6543 7332 8015 8625 9308 10064 10747 11609 12292 13015 13771 14348 15137 15820 16609 17219 18008 18618 19480 20090 20919 21529 22212 23001 23790 24367 25156 25945 26555 27344 28027 28677 29466 30076 30865 31621 32231 33020 33809 34492 35175 35964 36574 37403 38086 38809 39419 40142 40931 41541 42403 43020 43809 44459 45215 45825 46614 47370 47987 48743 49532 50215 51004 51687 52297 53086 53875 54558 55241 55924 56607 57396 58079 58835 59525 60314 60997 61607 62396 63046 64334
758 1546 2155 2980 3733 4342 5130 5739 6527 7315 7996 8605 9465 10039 10899 11580 12261 12979 13732 14485 15094 15775 16563 17351 17960 18748 19429 20217 20863 21651 22332 22941 23729 24482 25091 25879 26667 27276 27957 28782 29391 30179 30788 31541 32329 32938 33726 34407 35088 35876 36664 37310 37991 38709 39497 40215 40824 41612 42293 43083 43692 44517 45270 45879 46667 47420 48031 48784 49572 50253 50862 51722 52331 53119 53728 54588 55269 55950 56631 57419 58100 58853 59536 60145 61005 61614 62402 63048 64333
755 1542 2150 2971 3721 4329 5116 5903 6511 7298 7977 8764 9443 10193 10872 11551 12230 12943 13693 14443 15051 15909 16517 17304 17912 18699 19378 20165 20807 21594 22273 23060 23668 24418 25205 25813 26600 27208 28066 28708 29495 30103 30890 31640 32248 33035 33822 34501 35180 35967 36575 37396 38075 38788 39396 40109 40896 41683 42362 42967 43754 44396 45146 45933 46541 47291 48075 48825 49433 50291 50899 51578 52365 53152 53760 54439 55297 55976 56655 57442 58121 58871 59547 60155 61013 61621 62408 63050 64332
752 1538 2324 2962 3709 4316 5102 5888 6495 7281 7958 8744 9421 10168 10845 11522 12199 12907 13654 14401 15187 15864 16471 17257 18043 18650 19506 20113 20930 21537 22214 23000 23786 24354 25140 25926 26533 27319 27996 28813 29420 30206 30813 31560 32346 32953 33739 34416 35093 35879 36665 37303 37980 38688 39474 40182 40968 41575 42252 43030 43816 44454 45201 45987 46594 47341 48119 48866 49473 50150 50936 51613 52399 53006 53792 54469 55146 56002 56679 57286 58142 58889 59558 60165 61021 61628 62414 63052 64510
749 1534 2319 2953 3697 4303 5088 5873 6479 7264 7939 8724 9399 10143 10818 11493 12347 13050 13615 14359 15144 15819 16604 17210 17995 18780 19455 20061 20874 21480 22334 22940 23725 24469 25075 25860 26645 27251 27926 28739 29524 30130 30915 31659 32265 33050 33656 34510 35185 35970 36576 37389 38064 38767 39552 40255 40861 41646 42321 43093 43699 44512 45256 45862 46647 47391 47984 48728 49513 50188 50973 51648 52433 53039 53824 54499 55174 55849 56703 57309 58163 58728 59569 60175 61029 61635 62420 63054 64330
746 1530 2314 2944 3685 4469 5074 5858 6463 7247 7920 8704 9377 10118 10791 11464 12316 13014 13755 14496 15101 15774 16558 17342 17947 18731 19404 20188 20818 21602 22275 23059 23664 24405 25189 25794 26578 27362 28035 28665 29449 30233 30838 31579 32363 32968 33752 34425 35098 35882 36666 37296 37969 38667 39451 40149 40933 41538 42390 42977 43761 44570 45132 45916 46700 47262 48028 48769 49553 50226 51010 51683 52288 53072 53856 54529 55202 55875 56727 57332 58005 58746 59580 60185 61037 61642 62426 63056 64508
743 1526 2309 2935 3673 4456 5060 5843 6447 7230 7901 8684 9355 10093 10764 11614 12285 12978 13716 14454 15058 15908 16512 17295 18078 18682 19353 20136 20941 21545 22216 22999 23782 24520 25124 25907 26511 27294 27965 28770 29374 30157 30940 31678 32282 33065 33669 34519 35190 35973 36577 37382 38053 38746 39529 40222 40826 41609 42280 43040 43823 44449 45187 45970 46574 47312 48072 48810 49414 50264 50868 51718 52322 53105 53709 54559 55230 55901 56572 57355 58026 58764 59591 60195 60866 61649 62432 63058 64507
740 1522 2304 2926 3661 4443 5046 5828 6610 7213 7882 8664 9333 10068 10916 11585 12254 12942 13677 14412 15194 15863 16645 17248 18030 18633 19481 20084 20885 21488 22336 22939 23721 24456 25238 25841 26623 27226 28074 28696 29478 30081 30863 31598 32380 32983 33765 34434 35103 35885 36667 37289 37958 38825 39428 40116 40898 41680 42349 43103 43706 44507 45242 45845 46627 47362 48116 48851 49454 50123 50905 51574 52356 53138 53741 54589 55258 55927 56596 57378 58047 58782 59602 60205 60874 61656 62438 63060 64506
737 1518 2299 2917 3649 4430 5032 5813 6594 7196 8042 8644 9311 10043 10889 11556 12223 12906 13638 14370 15151 15818 16599 17201 17982 18763 19430 20211 20829 21610 22277 23058 23660 24392 25173 25954 26556 27337 28004 28801 29403 30184 30965 31518 32299 33080 33682 34528 35195 35976 36578 37375 38042 38725 39506 40189 40970 41572 42418 42987 43768 44565 45118 45899 46680 47412 47981 48713 49494 50161 50942 51609 52390 52992 53773 54440 55286 55953 56620 57401 58068 58800 59434 60215 60882 61663 62444 63062 64505
734 1514 2294 2908 3637 4417 5018 5798 6578 7179 8023 8624 9468 10197 10862 11527 12192 13049 13778 14328 15108 15773 16553 17333 17934 18714 19379 20159 20773 21553 22218 22998 23778 24507 25108 25888 26668 27269 27934 28727 29507 30108 30888 31617 32397 32998 33778 34443 35108 35888 36668 37282 38126 38804 39405 40262 40863 41643 42308 43050 43830 44444 45173 45953 46554 47283 48025 48754 49534 50199 50979 51644 52424 53025 53805 54470 55135 55979 56644 57424 58089 58818 59445 60225 60890 61670 62450 63064 64504
731 1510 2289 2899 3625 4404 5183 5783 6562 7162 8004 8604 9446 10172 10835 11498 12340 13013 13739 14465 15065 15907 16507 17286 18065 18665 19507 20107 20896 21496 22338 22938 23717 24443 25222 25822 26601 27380 28043 28653 29432 30211 30811 31537 32316 33095 33695 34537 35200 35800 36579 37368 38031 38704 39483 40156 40935 41535 42377 43113 43713 44502 45228 45828 46607 47333 48069 48795 49574 50237 50837 51679 52279 53058 53837 54500 55163 56005 56668 57447 58110 58836 59456 60235 60898 61677 62456 63066 64324
728 1506 2284 2890 3613 4391 5169 5768 6546 7324 7985 8763 9424 10147 10808 11469 12309 12977 13700 14423 15201 15862 16640 17239 18017 18616 19456 20055 20840 21618 22279 23057 23656 24379 25157 25935 26534 27312 27973 28758 29357 30135 30913 31636 32235 33013 33791 34452 35113 35891 36669 37275 38115 38783 39382 40229 40828 41606 42267 42997 43775 44560 45283 45882 46660 47383 48113 48836 49435 50275 50874 51714 52313 53091 53869 54530 55191 55852 56692 57291 58131 58854 59467 60245 60906 61684 62462 63068 64323
725 1502 2279 2881 3601 4378 5155 5753 6530 7307 7966 8743 9402 10122 10781 11619 12278 12941 13661 14381 15158 15817 16594 17192 17969 18746 19405 20182 20784 21561 22220 22997 23774 24494 25092 25869 26646 27244 28082 28684 29461 30238 30836 31556 32333 33110 33708 34546 35205 35803 36580 37361 38020 38683 39460 40123 40900 41677 42336 43060 43837 44439 45159 45936 46713 47433 47978 48698 49475 50134 50911 51570 52347 53124 53722 54560 55219 55878 56716 57314 58152 58872 59478 60255 60914 61691 62468 63070 64501
722 1498 2274 2872 3589 4365 5141 5738 6514 7290 7947 8723 9380 10097 10754 11590 12247 12905 13622 14339 15115 15772 16548 17324 17921 18697 19354 20130 20907 21504 22340 22937 23713 24430 25206 25803 26579 27355 28012 28789 29386 30162 30938 31655 32252 33028 33804 34461 35118 35894 36670 37268 38104 38762 39538 40196 40972 41569 42405 43123 43720 44497 45214 45990 46587 47304 48022 48739 49515 50172 50948 51605 52381 53157 53754 54590 55247 55904 56740 57337 58173 58890 59489 60265 60922 61698 62295 63072 64500
719 1494 2269 3042 3756 4352 5127 5902 6498 7273 7928 8703 9358 10072 10906 11561 12216 13048 13762 14476 15072 15906 16502 17277 18052 18648 19482 20078 20851 21626 22281 23056 23652 24366 25141 25916 26512 27287 27942 28715 29490 30086 30861 31575 32350 32946 33721 34376 35210 35806 36581 37354 38009 38841 39437 40269 40865 41640 42295 43007 43782 44555 45269 45865 46640 47354 48066 48780 49555 50210 50985 51640 52415 53011 53786 54441 55275 55930 56585 57360 58015 58729 59500 60275 60930 61705 62301 63074 64499
716 1490 2264 3033 3744 4339 5113 5887 6482 7256 7909 8683 9336 10047 10879 11532 12185 13012 13723 14434 15208 15861 16635 17230 18004 18778 19431 20205 20795 21569 22222 22996 23770 24481 25076 25850 26624 27219 28051 28641 29415 30189 30963 31674 32269 33043 33817 34470 35123 35897 36671 37261 38093 38741 39515 40163 40937 41532 42364 43070 43844 44434 45145 45919 46693 47404 48110 48821 49416 50248 50843 51675 52270 53044 53818 54471 55303 55956 56609 57383 58036 58747 59511 60285 60938 61712 62307 63076 64319
892 1486 2259 3024 3732 4326 5099 5872 6466 7239 7890 8663 9314 10201 10852 11503 12333 12976 13684 14392 15165 15816 16589 17362 17956 18729 19380 20153 20918 21512 22342 22936 23709 24417 25190 25784 26557 27330 27981 28746 29519 30113 30886 31594 32367 32961 33734 34385 35215 35809 36582 37347 37998 38820 39414 40236 40830 41603 42254 43133 43727 44492 45200 45973 46567 47275 47975 48862 49456 50286 50880 51710 52304 53077 53850 54501 55152 55982 56633 57406 58057 58765 59522 60295 60946 61719 62313 63078 64497
889 1482 2254 3015 3720 4313 5085 5857 6450 7222 8050 8643 9471 10176 10825 11474 12302 12940 13645 14350 15122 15771 16543 17315 17908 18680 19508 20101 20862 21634 22283 23055 23648 24353 25125 25897 26669 27262 28090 28672 29444 30216 30809 31514 32286 33058 33830 34479 35128 35900 36672 37254 38082 38720 39492 40130 40902 41674 42323 43017 43789 44550 45255 45848 46620 47325 48019 48724 49496 50145 50917 51566 52338 53110 53703 54531 55180 56008 56657 57429 58078 58783 59533 60305 60954 61726 62319 63080 64496
886 1478 2249 3006 3708 4300 5071 5842 6613 7205 8031 8623 9449 10151 10798 11624 12271 12904 13606 14487 15079 15905 16497 17268 18039 18631 19457 20049 20806 21577 22224 22995 23766 24468 25060 25831 26602 27373 28020 28777 29369 30140 30911 31613 32384 32976 33747 34394 35220 35812 36583 37340 37987 38799 39391 40203 40974 41566 42392 43080 43851 44429 45131 45902 46673 47375 48063 48765 49536 50183 50954 51601 52372 53143 53735 54561 55208 55855 56681 57452 58099 58801 59544 60315 60962 61733 62325 63082 64316
883 1474 2244 2997 3696 4466 5057 5827 6597 7188 8012 8603 9427 10126 10771 11595 12240 13047 13746 14445 15036 15860 16630 17221 17991 18761 19406 20176 20929 21520 22344 22935 23705 24404 25174 25944 26535 27305 27950 28703 29473 30243 30834 31533 32303 33073 33664 34488 35133 35903 36673 37247 38071 38699 39469 40097 40867 41637 42282 42964 43734 44487 45186 45956 46547 47425 48107 48806 49576 50221 50991 51636 52406 52997 53767 54591 55236 55881 56705 57296 58120 58819 59555 60146 60970 61740 62331 63084 64315
880 1470 2239 2988 3684 4453 5043 5812 6581 7171 7993 8762 9405 10101 10744 11566 12209 13011 13707 14403 15172 15815 16584 17353 17943 18712 19355 20124 20873 21642 22285 23054 23644 24519 25109 25878 26647 27237 28059 28808 29398 30167 30936 31632 32222 32991 33760 34403 35225 35815 36584 37333 37976 38778 39547 40170 40939 41529 42351 43027 43796 44545 45241 45831 46600 47296 47972 48847 49437 50259 50849 51671 52440 53030 53799 54442 55264 55907 56729 57319 58141 58837 59566 60156 60978 61747 62337 63086 64314
877 1466 2234 2979 3672 4440 5029 5797 6565 7333 7974 8742 9383 10076 10896 11537 12178 12975 13668 14361 15129 15770 16538 17306 18074 18663 19483 20072 20817 21585 22226 22994 23762 24455 25223 25812 26580 27348 27989 28734 29502 30091 30859 31552 32320 33088 33677 34497 35138 35906 36674 37240 38060 38678 39446 40243 40832 41600 42420 43090 43679 44424 45117 45885 46653 47346 48016 48709 49477 50297 50886 51706 52295 53063 53831 54472 55292 55933 56574 57342 58162 58855 59577 60166 60986 61754 62343 63088 64492
874 1462 2229 2970 3660 4427 5015 5782 6549 7316 7955 8722 9361 10051 10869 11508 12326 12939 13629 14498 15086 15904 16492 17259 18026 18793 19432 20199 20940 21528 22346 22934 23701 24391 25158 25925 26513 27280 28098 28660 29427 30194 30961 31651 32239 33006 33773 34412 35230 35818 36585 37326 37965 38757 39524 40137 40904 41671 42310 42974 43741 44482 45172 45939 46706 47396 48060 48750 49517 50156 50923 51562 52329 53096 53863 54502 55141 55959 56598 57365 58004 58873 59588 60176 60994 61582 62349 63090 64491
871 1458 2224 2961 3648 4414 5180 5767 6533 7299 7936 8702 9339 10026 10842 11479 12295 12903 13769 14456 15043 15859 16625 17212 17978 18744 19381 20147 20884 21650 22287 23053 23640 24506 25093 25859 26625 27212 28028 28765 29531 30118 30884 31571 32337 33103 33690 34506 35143 35909 36675 37233 38049 38836 39423 40210 40976 41563 42379 43037 43803 44540 45227 45993 46580 47267 48104 48791 49557 50194 50960 51597 52363 53129 53716 54532 55169 55985 56622 57388 58025 58712 59599 60186 61002 61589 62355 63092 64311
868 1454 2219 2952 3636 4401 5166 5752 6517 7282 7917 8682 9317 10180 10815 11629 12264 13046 13730 14414 15179 15814 16579 17344 17930 18695 19509 20095 20828 21593 22228 22993 23758 24442 25207 25793 26558 27323 27958 28691 29456 30221 30807 31670 32256 33021 33786 34421 35235 35821 36586 37319 37954 38736 39501 40104 40869 41634 42269 43100 43686 44419 45282 45868 46633 47317 48148 48832 49418 50232 50997 51632 52397 53162 53748 54562 55197 56011 56646 57411 58046 58730 59431 60196 61010 61596 62361 63094 64489
865 1450 2214 2943 3624 4388 5152 5737 6501 7265 7898 8662 9474 10155 10788 11600 12233 13010 13691 14372 15136 15769 16533 17297 18061 18646 19458 20222 20772 21536 22348 22933 23697 24378 25142 25906 26670 27255 28067 28796 29381 30145 30909 31590 32354 32939 33703 34515 35148 35912 36676 37405 38038 38815 39400 40177 40941 41705 42338 42984 43748 44477 45158 45922 46686 47367 48013 48694 49458 50270 50855 51667 52431 53016 53780 54592 55225 55858 56670 57434 58067 58748 59442 60206 61018 61603 62367 63096 64488
862 1446 2209 2934 3612 4375 5138 5901 6485 7248 7879 8642 9452 10130 10761 11571 12202 12974 13652 14330 15093 15903 16487 17250 18013 18776 19407 20170 20895 21658 22289 23052 23636 24493 25077 25840 26603 27366 27997 28722 29485 30248 30832 31510 32273 33036 33799 34430 35240 35824 36587 37312 38122 38715 39478 40250 40834 41597 42407 43047 43810 44535 45213 45976 46560 47417 48057 48735 49498 50129 50892 51702 52286 53049 53812 54443 55253 55884 56694 57457 58088 58766 59453 60216 61026 61610 62373 63098 64487
859 1442 2204 2925 3600 4362 5124 5886 6469 7231 8039 8622 9430 10105 10913 11542 12350 12938 13613 14467 15050 15858 16620 17203 17965 18727 19356 20118 20839 21601 22230 22992 23754 24429 25191 25953 26536 27298 27927 28648 29410 30172 30934 31609 32371 32954 33716 34524 35153 35915 36677 37398 38027 38794 39556 40144 40906 41668 42297 43110 43693 44414 45268 45851 46613 47288 48101 48776 49538 50167 50929 51558 52320 53082 53844 54473 55281 55910 56718 57301 58109 58784 59464 60226 61034 61617 62379 63100 64486
856 1438 2199 2916 3588 4349 5110 5871 6453 7214 8020 8602 9408 10080 10886 11513 12319 12902 13753 14425 15186 15813 16574 17335 17917 18678 19484 20066 20783 21544 22350 22932 23693 24365 25126 25887 26648 27230 28036 28753 29514 30096 30857 31529 32290 33051 33812 34439 35245 35827 36588 37305 38111 38694 39455 40217 40978 41560 42366 42994 43755 44472 45144 45905 46666 47338 48145 48817 49578 50205 50966 51593 52354 53115 53876 54503 55309 55936 56742 57324 58130 58802 59475 60236 60863 61624 62385 63102 64485
853 1434 2194 2907 3755 4336 5096 5856 6616 7197 8001 8761 9386 10055 10859 11484 12288 13045 13714 14383 15143 15768 16528 17288 18048 18629 19433 20193 20906 21487 22291 23051 23632 24480 25061 25821 26581 27341 27966 28679 29439 30199 30959 31628 32388 32969 33729 34533 35158 35918 36678 37391 38016 38773 39533 40111 40871 41631 42256 43057 43817 44530 45199 45959 46540 47388 48010 48858 49439 50243 51003 51628 52388 53148 53729 54533 55158 55962 56587 57347 58151 58820 59486 60246 60871 61631 62391 63104 64305
850 1609 2189 2898 3743 4323 5082 5841 6600 7180 7982 8741 9364 10030 10832 11634 12257 13009 13675 14341 15100 15902 16482 17241 18000 18759 19382 20141 20850 21609 22232 22991 23750 24416 25175 25934 26514 27273 28075 28784 29364 30123 30882 31548 32307 33066 33825 34448 35250 35830 36589 37298 38100 38673 39432 40184 40943 41702 42325 43120 43700 44409 45254 45834 46593 47259 48054 48720 49479 50281 50861 51663 52422 53002 53761 54563 55186 55988 56611 57370 58172 58838 59497 60256 60879 61638 62397 63106 64483
847 1605 2184 2889 3731 4310 5068 5826 6584 7163 7963 8721 9342 10184 10805 11605 12226 12973 13636 14478 15057 15857 16615 17194 17952 18710 19510 20089 20794 21552 22352 22931 23689 24352 25110 25868 26626 27384 28005 28710 29468 30226 30805 31647 32226 32984 33742 34542 35163 35921 36679 37384 38005 38752 39510 40257 40836 41594 42394 43004 43762 44467 45130 45888 46646 47309 48098 48761 49519 50140 50898 51698 52277 53035 53793 54593 55214 56014 56635 57393 58014 58856 59508 60266 60887 61645 62403 63108 64482
844 1601 2179 2880 3719 4297 5054 5811 6568 7325 7944 8701 9320 10159 10778 11576 12195 12937 13776 14436 15193 15812 16569 17326 17904 18661 19459 20216 20917 21495 22293 23050 23628 24467 25224 25802 26559 27316 27935 28815 29393 30150 30907 31567 32324 33081 33659 34457 35255 35833 36590 37291 38089 38831 39409 40151 40908 41665 42284 43067 43824 44525 45185 45942 46699 47359 48142 48802 49559 50178 50935 51554 52311 53068 53825 54444 55242 55861 56659 57416 58035 58874 59519 60276 60895 61652 62409 63110 64302
841 1597 2174 2871 3707 4463 5040 5796 6552 7308 7925 8681 9477 10134 10751 11547 12343 12901 13737 14394 15150 15767 16523 17279 18035 18791 19408 20164 20861 21617 22234 22990 23746 24403 25159 25915 26492 27248 28044 28741 29497 30074 30830 31666 32243 32999 33755 34372 35168 35924 36680 37377 37994 38731 39487 40224 40980 41557 42353 43130 43707 44404 45240 45996 46573 47409 48007 48843 49420 50216 50972 51589 52345 53101 53857 54474 55270 55887 56683 57439 58056 58713 59530 60286 60903 61659 62415 63112 64301
838 1593 2169 3041 3695 4450 5026 5781 6536 7291 7906 8661 9455 10109 10903 11518 12312 13044 13698 14352 15107 15901 16477 17232 17987 18742 19357 20112 20805 21560 22354 22930 23685 24518 25094 25849 26604 27359 27974 28667 29422 30177 30932 31586 32341 33096 33672 34466 35260 35836 36591 37284 38078 38810 39386 40118 40873 41628 42422 43014 43769 44462 45116 45871 46626 47280 48051 48705 49460 50254 51009 51624 52379 53134 53710 54504 55298 55913 56707 57283 58077 58731 59541 60296 60911 61666 62421 63114 64479
835 1589 2164 3032 3683 4437 5012 5766 6520 7274 7887 8641 9433 10084 10876 11489 12281 13008 13659 14489 15064 15856 16610 17185 17939 18693 19485 20060 20928 21503 22295 23049 23803 24454 25208 25783 26537 27291 28083 28772 29526 30101 30855 31506 32260 33014 33768 34381 35173 35927 36681 37370 37983 38710 39464 40191 40945 41699 42312 43077 43831 44520 45171 45925 46679 47330 48095 48746 49500 50292 50867 51659 52413 52988 53742 54534 55147 55939 56731 57306 58098 58749 59552 60306 60919 61673 62427 63116 64299
832 1585 2159 3023 3671 4424 5177 5751 6504 7257 8047 8621 9411 10059 10849 11460 12250 12972 13620 14447 15200 15811 16564 17317 18070 18644 19434 20187 20872 21625 22236 22989 23742 24390 25143 25896 26649 27223 28013 28698 29451 30204 30957 31605 32358 33111 33685 34475 35086 35839 36592 37277 38067 38789 39542 40264 40838 41591 42381 42961 43714 44399 45226 45979 46553 47380 48139 48787 49540 50151 50904 51694 52268 53021 53774 54564 55175 55965 56576 57329 58119 58767 59563 60316 60927 61680 62433 63118 64298
829 1581 2154 3014 3659 4411 5163 5736 6488 7240 8028 8601 9389 10034 10822 11610 12219 12936 13760 14405 15157 15766 16518 17270 18022 18774 19383 20135 20816 21568 22356 22929 23681 24505 25078 25830 26582 27334 27943 28803 29376 30128 30880 31525 32277 33029 33781 34390 35178 35930 36682 37363 37972 38689 39441 40158 40910 41662 42271 43024 43776 44457 45281 45854 46606 47430 48004 48828 49580 50189 50941 51729 52302 53054 53806 54594 55203 55991 56600 57352 58140 58785 59574 60147 60935 61687 62439 63120 64476
826 1577 2149 3005 3647 4398 5149 5900 6472 7223 8009 8760 9367 10188 10795 11581 12188 12900 13721 14363 15114 15900 16472 17223 17974 18725 19332 20083 20939 21511 22297 23048 23799 24441 25192 25943 26515 27266 28052 28729 29480 30231 30803 31624 32375 32947 33698 34484 35091 35842 36593 37270 38056 38768 39519 40231 40982 41554 42340 43087 43838 44515 45157 45908 46659 47301 48048 48690 49441 50227 50978 51585 52336 53087 53838 54445 55231 56017 56624 57375 58161 58803 59585 60157 60943 61694 62445 63122 64296
823 1573 2323 2996 3635 4385 5135 5885 6456 7206 7990 8740 9345 10163 10768 11552 12336 13043 13682 14321 15071 15855 16605 17355 17926 18676 19460 20210 20883 21633 22238 22988 23738 24377 25127 25877 26627 27377 27982 28655 29405 30155 30905 31544 32294 33044 33794 34399 35183 35933 36683 37356 37961 38668 39418 40125 40875 41625 42409 42971 43721 44394 45212 45962 46712 47351 48092 48731 49481 50265 50836 51620 52370 53120 53870 54475 55259 55864 56648 57398 58003 58821 59596 60167 60951 61701 62451 63124 64295
820 1569 2318 2987 3623 4372 5121 5870 6619 7189 7971 8720 9323 10138 10741 11523 12305 13007 13643 14458 15207 15810 16559 17308 18057 18627 19409 20158 20827 21576 22358 22928 23677 24492 25062 25811 26560 27309 28091 28760 29509 30079 30828 31643 32392 32962 33711 34493 35096 35845 36594 37263 38045 38747 39496 40198 40947 41696 42299 43034 43783 44452 45267 45837 46586 47401 48136 48772 49521 50124 50873 51655 52404 53153 53723 54505 55287 55890 56672 57421 58024 58839 59428 60177 60959 61708 62457 63126 64294
817 1565 2313 2978 3611 4359 5107 5855 6603 7172 7952 8700 9480 10113 10893 11494 12274 12971 13604 14416 15164 15765 16513 17261 18009 18757 19358 20106 20771 21519 22299 23047 23795 24428 25176 25924 26493 27241 28021 28686 29434 30182 30930 31563 32311 33059 33807 34408 35188 35936 36684 37349 37950 38826 39395 40271 40840 41588 42368 43097 43845 44510 45143 45891 46639 47272 48001 48813 49561 50162 50910 51690 52438 53007 53755 54535 55136 55916 56696 57444 58045 58857 59439 60187 60967 61715 62463 63128 64293
814 1561 2308 2969 3599 4346 5093 5840 6587 7334 7933 8680 9458 10088 10866 11465 12243 12935 13744 14374 15121 15899 16646 17214 17961 18708 19486 20054 20894 21641 22240 22987 23734 24364 25111 25858 26605 27352 27951 28791 29359 30106 30853 31662 32230 32977 33724 34502 35101 35848 36595 37256 38034 38726 39473 40165 40912 41659 42258 42981 43728 44568 45198 45945 46692 47322 48045 48854 49422 50200 50947 51725 52293 53040 53787 54565 55164 55942 56720 57288 58066 58875 59450 60197 60975 61722 62469 63130 64471
811 1557 2303 2960 3587 4333 5079 5825 6571 7317 7914 8660 9436 10063 10839 11615 12212 12899 13705 14332 15078 15854 16600 17346 17913 18659 19435 20181 20838 21584 22360 22927 23673 24479 25225 25792 26538 27284 28060 28717 29463 30209 30955 31582 32328 33074 33820 34417 35193 35939 36685 37342 38118 38805 39551 40238 40984 41551 42327 43044 43790 44447 45253 45999 46566 47372 48089 48716 49462 50238 50984 51581 52327 53073 53819 54416 55192 55968 56565 57311 58087 58714 59461 60207 60983 61729 62296 63132 64291
808 1553 2298 2951 3754 4320 5065 5810 6555 7300 7895 8640 9414 10038 10812 11586 12181 13042 13666 14469 15214 15809 16554 17299 18044 18789 19384 20129 20782 21527 22301 23046 23791 24415 25160 25905 26650 27216 27990 28643 29388 30133 30878 31681 32247 32992 33737 34511 35106 35851 36596 37249 38023 38705 39450 40132 40877 41622 42396 43107 43852 44505 45129 45874 46619 47422 48133 48757 49502 50276 50842 51616 52361 53106 53851 54446 55220 55994 56589 57334 58108 58732 59472 60217 60991 61736 62302 63134 64469
805 1549 2293 2942 3742 4307 5051 5795 6539 7283 7876 8620 9392 10192 10785 11557 12329 13006 13627 14427 15171 15764 16508 17252 17996 18740 19333 20077 20905 21649 22242 22986 23730 24351 25095 25839 26583 27327 28099 28748 29492 30236 30801 31601 32345 33089 33654 34426 35198 35942 36686 37335 38107 38784 39528 40205 40949 41693 42286 42991 43735 44563 45184 45928 46672 47293 47998 48798 49542 50135 50879 51651 52395 53139 53704 54476 55248 56020 56613 57357 58129 58750 59483 60227 60999 61743 62308 63136 64289
802 1545 2288 2933 3730 4473 5037 5780 6523 7266 8036 8600 9370 10167 10758 11528 12298 12970 13767 14385 15128 15898 16641 17205 17948 18691 19461 20204 20849 21592 22362 22926 23669 24466 25209 25952 26516 27259 28029 28674 29417 30160 30903 31521 32264 33007 33750 34520 35111 35854 36597 37242 38012 38684 39427 40099 40842 41585 42355 43054 43797 44442 45239 45982 46546 47343 48042 48839 49582 50173 50916 51686 52429 52993 53736 54506 55276 55867 56637 57380 58150 58768 59494 60237 61007 61750 62314 63138 64467
799 1541 2283 2924 3718 4460 5023 5765 6507 7249 8017 8759 9348 10142 10910 11499 12267 12934 13728 14343 15085 15853 16595 17337 17900 18642 19410 20152 20793 21535 22303 23045 23787 24402 25144 25886 26628 27370 27959 28779 29521 30084 30826 31620 32362 33104 33667 34435 35203 35945 36687 37328 38096 38763 39505 40172 40914 41656 42245 43117 43680 44500 45115 45857 46599 47393 48086 48701 49443 50211 50953 51721 52284 53026 53768 54536 55304 55893 56661 57403 58171 58786 59505 60247 61015 61578 62320 63140 64287
796 1537 2278 2915 3706 4447 5188 5750 6491 7232 7998 8739 9326 10117 10883 11470 12236 12898 13689 14480 15042 15808 16549 17290 18031 18772 19359 20100 20916 21657 22244 22985 23726 24517 25079 25820 26561 27302 28068 28705 29446 30187 30928 31540 32281 33022 33763 34529 35116 35857 36598 37235 38001 38842 39404 40245 40986 41548 42314 43001 43742 44558 45170 45911 46652 47264 48130 48742 49483 50249 50990 51577 52318 53059 53800 54566 55153 55919 56685 57426 58013 58804 59516 60257 61023 61585 62326 63142 64465
793 1533 2273 2906 3694 4434 5174 5735 6475 7215 7979 8719 9483 10092 10856 11620 12205 13041 13650 14438 15178 15763 16503 17243 17983 18723 19487 20048 20860 21600 22364 22925 23665 24453 25193 25933 26494 27234 27998 28810 29371 30111 30851 31639 32379 32940 33680 34444 35208 35948 36688 37321 38085 38742 39482 40139 40879 41619 42383 43064 43804 44437 45225 45965 46705 47314 47995 48783 49523 50287 50848 51612 52352 53092 53832 54417 55181 55945 56709 57449 58034 58822 59527 60267 61031 61592 62332 63144 64285
790 1529 2268 2897 3682 4421 5160 5899 6459 7198 7960 8699 9461 10067 10829 11591 12174 13005 13611 14396 15135 15897 16636 17196 17935 18674 19436 20175 20804 21543 22305 23044 23783 24389 25128 25867 26606 27345 27928 28736 29475 30214 30953 31559 32298 33037 33776 34538 35121 35860 36599 37407 37990 38821 39381 40212 40951 41690 42273 43127 43687 44495 45280 45840 46579 47364 48039 48824 49563 50146 50885 51647 52386 53125 53864 54447 55209 55971 56733 57293 58055 58840 59538 60277 60860 61599 62338 63146 64284
787 1525 2263 2888 3670 4408 5146 5884 6622 7181 7941 8679 9439 10042 10802 11562 12322 12969 13751 14354 15092 15852 16590 17328 18066 18625 19385 20123 20927 21486 22246 22984 23722 24504 25063 25801 26539 27277 28037 28662 29400 30138 30876 31658 32396 32955 33693 34453 35213 35951 36689 37314 38074 38721 39459 40106 40844 41582 42342 43011 43749 44553 45156 45894 46632 47414 48083 48865 49424 50184 50922 51682 52420 53158 53717 54477 55237 55997 56578 57316 58076 58858 59549 60287 60868 61606 62344 63148 64462
784 1521 2258 2879 3658 4395 5132 5869 6606 7164 7922 8659 9417 10196 10775 11533 12291 12933 13712 14491 15049 15807 16544 17281 18018 18755 19334 20071 20871 21608 22366 22924 23661 24440 25177 25914 26651 27209 27967 28767 29504 30241 30799 31578 32315 33052 33789 34368 35126 35863 36600 37400 37979 38800 39537 40179 40916 41653 42411 43074 43811 44432 45211 45948 46685 47285 48127 48727 49464 50222 50959 51717 52275 53012 53749 54507 55265 56023 56602 57339 58097 58876 59560 60297 60876 61613 62350 63150 64282
781 1517 2253 2870 3646 4382 5118 5854 6590 7326 7903 8639 9395 10171 10748 11504 12260 12897 13673 14449 15185 15762 16498 17234 17970 18706 19462 20198 20815 21551 22307 23043 23779 24376 25112 25848 26584 27320 28076 28693 29429 30165 30901 31677 32234 32970 33706 34462 35218 35954 36690 37307 38063 38700 39436 40252 40988 41545 42301 43137 43694 44490 45266 46002 46559 47335 47992 48768 49504 50260 50996 51573 52309 53045 53781 54537 55293 55870 56626 57362 58118 58715 59571 60307 60884 61620 62356 63152 64460
778 1513 2248 3040 3634 4369 5104 5839 6574 7309 7884 8619 9373 10146 10900 11475 12229 13040 13634 14407 15142 15896 16631 17187 17922 18657 19411 20146 20938 21494 22248 22983 23718 24491 25226 25782 26517 27252 28006 28798 29533 30089 30824 31597 32332 33067 33802 34377 35131 35866 36601 37393 37968 38779 39514 40146 40881 41616 42370 43021 43756 44548 45142 45877 46612 47385 48036 48809 49544 50298 50854 51608 52343 53078 53813 54567 55142 55896 56650 57385 58139 58733 59582 60317 60892 61627 62362 63154 64459
775 1509 2243 3031 3622 4356 5090 5824 6558 7292 8044 8599 9351 10121 10873 11625 12198 13004 13774 14365 15099 15851 16585 17319 18053 18787 19360 20094 20882 21616 22368 22923 23657 24427 25161 25895 26629 27363 27936 28724 29458 30192 30926 31517 32251 32985 33719 34471 35223 35957 36691 37300 38052 38679 39413 40219 40953 41687 42260 43084 43818 44427 45197 45931 46665 47256 48080 48850 49405 50157 50891 51643 52377 53111 53845 54418 55170 55922 56674 57408 58160 58751 59593 60148 60900 61634 62368 63156 64279
772 1505 2238 3022 3610 4343 5076 5809 6542 7275 8025 8758 9329 10096 10846 11596 12346 12968 13735 14323 15056 15806 16539 17272 18005 18738 19488 20221 20826 21559 22309 23042 23775 24363 25096 25829 26562 27295 28045 28650 29383 30116 30849 31616 32349 33082 33815 34386 35136 35869 36602 37386 37957 38758 39491 40113 40846 41579 42329 42968 43701 44485 45252 45985 46718 47306 48124 48712 49445 50195 50928 51678 52411 53144 53877 54448 55198 55948 56698 57431 58002 58769 59604 60158 60908 61641 62374 63158 64457
769 1501 2233 3013 3598 4330 5062 5794 6526 7258 8006 8738 9486 10071 10819 11567 12315 12932 13696 14460 15192 15761 16493 17225 17957 18689 19437 20169 20770 21502 22250 22982 23714 24478 25210 25942 26495 27227 27975 28755 29487 30219 30951 31536 32268 33000 33732 34480 35228 35960 36692 37293 38041 38837 39390 40186 40918 41650 42398 43031 43763 44543 45128 45860 46592 47356 47989 48753 49485 50233 50965 51713 52445 52998 53730 54478 55226 55974 56722 57454 58023 58787 59436 60168 60916 61648 62380 63160 64456
766 1497 2228 3004 3586 4317 5048 5779 6510 7241 7987 8718 9464 10046 10792 11538 12284 12896 13657 14418 15149 15895 16626 17357 17909 18640 19386 20117 20893 21624 22370 22922 23653 24414 25145 25876 26607 27338 28084 28681 29412 30143 30874 31635 32366 33097 33828 34395 35141 35872 36603 37379 38125 38737 39468 40259 40990 41542 42288 43094 43825 44422 45183 45914 46645 47406 48033 48794 49525 50271 51002 51569 52300 53031 53762 54508 55254 56000 56567 57298 58044 58805 59447 60178 60924 61655 62386 63162 64455
763 1493 2223 2995 3753 4304 5034 5764 6494 7224 7968 8698 9442 10200 10765 11509 12253 13039 13618 14376 15106 15850 16580 17310 18040 18770 19335 20065 20837 21567 22311 23041 23771 24350 25080 25810 26540 27270 28014 28786 29516 30246 30797 31555 32285 33015 33745 34489 35233 35963 36693 37286 38030 38816 39546 40153 40883 41613 42357 42978 43708 44480 45238 45968 46698 47277 48077 48835 49565 50130 50860 51604 52334 53064 53794 54538 55282 56026 56591 57321 58065 58823 59458 60188 60932 61662 62392 63164 64454
760 1489 2218 2986 3741 4470 5020 5749 6478 7207 7949 8678 9420 10175 10917 11480 12222 13003 13758 14334 15063 15805 16534 17263 17992 18721 19463 20192 20781 21510 22252 22981 23710 24465 25194 25923 26652 27381 27944 28712 29441 30170 30899 31654 32383 33112 33662 34404 35146 35875 36604 37372 38114 38716 39445 40226 40955 41684 42247 43041 43770 44538 45114 45843 46572 47327 48121 48697 49426 50168 50897 51639 52368 53097 53826 54568 55310 55873 56615 57344 58086 58841 59469 60198 60940 61669 62398 63166 64453
757 1485 2213 2977 3729 4457 5185 5734 6462 7190 7930 8658 9398 10150 10890 11630 12191 12967 13719 14471 15199 15760 16488 17216 17944 18672 19412 20140 20904 21632 22372 22921 23649 24401 25129 25857 26585 27313 28053 28817 29366 30094 30822 31574 32302 33030 33758 34498 35238 35966 36694 37279 38019 38795 39523 40120 40848 41576 42316 43104 43832 44417 45169 45897 46625 47377 47986 48738 49466 50206 50934 51674 52402 53130 53858 54419 55159 55899 56639 57367 58107 58859 59480 60208 60948 61676 62404 63168 64452
754 1481 2208 2968 3717 4444 5171 5898 6446 7173 7911 8638 9376 10125 10863 11601 12339 12931 13680 14429 15156 15894 16621 17348 18075 18623 19361 20088 20848 21575 22313 23040 23767 24516 25064 25791 26518 27245 27983 28743 29470 30197 30924 31673 32221 32948 33675 34413 35151 35878 36605 37365 38103 38695 39422 40193 40920 41647 42385 42988 43715 44475 45224 45951 46678 47427 48030 48779 49506 50244 50971 51709 52436 52984 53711 54449 55187 55925 56663 57390 58128 58877 59491 60218 60956 61683 62410 63170 64272
751 1477 2203 2959 3705 4431 5157 5883 6609 7335 7892 8618 9354 10100 10836 11572 12308 12895 13641 14387 15113 15849 16575 17301 18027 18753 19489 20215 20792 21518 22254 22980 23706 24452 25178 25904 26630 27356 28092 28669 29395 30121 30847 31593 32319 33045 33771 34507 35243 35969 36516 37272 38008 38774 39500 40266 40813 41539 42275 43051 43777 44533 45279 45826 46552 47298 48074 48820 49546 50282 51008 51565 52291 53017 53743 54479 55215 55951 56687 57413 58149 58716 59502 60228 60964 61690 62416 63172 64271
748 1473 2198 2950 3693 4418 5143 5868 6593 7318 8052 8598 9332 10075 10809 11543 12277 13038 13781 14345 15070 15804 16529 17254 17979 18704 19438 20163 20915 21640 22374 22920 23645 24388 25113 25838 26563 27288 28022 28774 29499 30224 30949 31513 32238 32963 33688 34422 35156 35881 36606 37358 38092 38674 39399 40160 40885 41610 42344 43114 43839 44412 45155 45880 46605 47348 48118 48861 49407 50141 50866 51600 52325 53050 53775 54509 55243 55977 56711 57436 58170 58734 59513 60238 60972 61697 62422 63174 64449
745 1469 2193 2941 3681 4405 5129 5853 6577 7301 8033 8757 9310 10050 10782 11514 12246 13002 13742 14482 15206 15759 16483 17207 17931 18655 19387 20111 20859 21583 22315 23039 23763 24503 25227 25951 26496 27220 27952 28700 29424 30148 30872 31612 32336 33060 33784 34516 35248 35972 36517 37265 37997 38753 39477 40233 40957 41681 42413 42998 43722 44470 45210 45934 46658 47398 47983 48723 49447 50179 50903 51635 52359 53083 53807 54539 55271 56003 56735 57280 58012 58752 59524 60248 60980 61704 62428 63176 64269
742 1465 2188 2932 3669 4392 5115 5838 6561 7284 8014 8737 9467 10025 10755 11485 12215 12966 13703 14440 15163 15893 16616 17339 18062 18785 19336 20059 20803 21526 22256 22979 23702 24439 25162 25885 26608 27331 28061 28805 29528 30072 30795 31532 32255 32978 33701 34431 35161 35884 36607 37351 38081 38832 39555 40127 40850 41573 42303 43061 43784 44528 45265 45988 46711 47269 48027 48764 49487 50217 50940 51670 52393 53116 53839 54569 55299 55850 56580 57303 58033 58770 59535 60258 60988 61711 62434 63178 64268
739 1461 2183 2923 3657 4379 5101 5823 6545 7267 7995 8717 9445 10179 10907 11456 12184 12930 13664 14398 15120 15848 16570 17292 18014 18736 19464 20186 20926 21648 22197 22919 23641 24375 25097 25819 26541 27263 27991 28731 29453 30175 30897 31631 32353 33075 33797 34525 35253 35975 36518 37258 37986 38732 39454 40200 40922 41644 42372 43124 43846 44407 45141 45863 46585 47319 48071 48805 49527 50255 50977 51705 52427 53149 53871 54420 55148 55876 56604 57326 58054 58788 59546 60268 60996 61718 62440 63180 64267
736 1457 2178 2914 3645 4366 5087 5808 6529 7250 7976 8697 9423 10154 10880 11606 12332 12894 13625 14356 15077 15803 16524 17245 17966 18687 19413 20134 20870 21591 22317 23038 23759 24490 25211 25932 26653 27374 28100 28657 29378 30099 30820 31551 32272 32993 33714 34440 35166 35887 36608 37344 38070 38811 39532 40273 40815 41536 42262 43008 43729 44465 45196 45917 46638 47369 48115 48846 49567 50293 51014 51561 52282 53003 53724 54450 55176 55902 56628 57349 58075 58806 59557 60278 61004 61725 62446 63182 64445
733 1453 2173 2905 3633 4353 5073 5793 6513 7233 7957 8677 9401 10129 10853 11577 12301 13037 13765 14493 15213 15758 16478 17198 17918 18638 19362 20082 20814 21534 22258 22978 23698 24426 25146 25866 26586 27306 28030 28762 29482 30202 30922 31650 32370 33090 33810 34534 35258 35978 36519 37251 37975 38711 39431 40167 40887 41607 42331 43071 43791 44523 45251 45971 46691 47419 47980 48708 49428 50152 50872 51596 52316 53036 53756 54480 55204 55928 56652 57372 58096 58824 59568 60288 61012 61732 62452 63184 64444
730 1449 2168 2896 3621 4340 5059 5778 6497 7216 7938 8657 9379 10104 10826 11548 12270 13001 13726 14451 15170 15892 16611 17330 18049 18768 19490 20209 20937 21656 22199 22918 23637 24362 25081 25800 26519 27238 27960 28688 29407 30126 30845 31570 32289 33008 33727 34449 35171 35890 36609 37337 38059 38790 39509 40240 40959 41678 42400 43134 43853 44402 45127 45846 46565 47290 48024 48749 49468 50190 50909 51631 52350 53069 53788 54510 55232 55954 56676 57395 58117 58842 59579 60298 61020 61739 62458 63186 64443
727 1445 2163 2887 3609 4327 5045 5763 6481 7199 7919 8637 9357 10079 10799 11519 12239 12965 13687 14409 15127 15847 16565 17283 18001 18719 19439 20157 20881 21599 22319 23037 23755 24477 25195 25913 26631 27349 28069 28793 29511 30229 30947 31669 32387 33105 33823 34543 35084 35802 36520 37244 37964 38690 39408 40134 40852 41570 42290 43018 43736 44460 45182 45900 46618 47340 48068 48790 49508 50228 50946 51666 52384 53102 53820 54540 55260 55980 56700 57418 58138 58860 59590 60308 61028 61746 62464 63009 64263
724 1441 2158 2878 3597 4314 5031 5748 6465 7182 7900 8617 9335 10054 10772 11490 12208 12929 13648 14367 15084 15802 16519 17236 17953 18670 19388 20105 20825 21542 22260 22977 23694 24413 25130 25847 26564 27281 27999 28719 29436 30153 30870 31589 32306 33023 33740 34458 35176 35893 36610 37330 38048 38769 39486 40207 40924 41641 42359 43081 43798 44518 45237 45954 46671 47390 48112 48831 49548 50266 50983 51701 52418 53135 53852 54570 55288 56006 56724 57441 58159 58878 59601 60318 61036 61753 62470 63011 64441
