7 55 105 164 216 249 307 358 413 460 499 544 599
34 70 124 183 225 240 283 350 403 458 480 539 594
36 60 118 163 212 269 322 359 400 440 496 529 580
23 87 95 182 196 250 327 356 394 457 492 521 597
8 54 121 157 234 278 301 341 421 469 487 534 575
31 48 113 171 205 282 311 340 389 436 517 558 572
5 92 125 145 195 266 314 354 387 445 509 528 604
22 85 140 186 192 280 284 334 411 444 478 533 586
46 91 104 180 199 277 292 370 385 435 474 555 571
33 73 137 160 203 262 299 375 381 443 473 550 588
38 59 117 142 230 272 315 348 416 434 472 552 584
16 84 127 159 206 260 291 333 414 453 515 518 606
1 86 139 176 202 243 286 353 407 467 504 549 567
29 66 110 156 221 257 310 369 401 441 491 532 596
26 81 101 155 235 263 329 376 383 427 485 542 578
41 51 123 175 218 254 325 355 380 439 477 536 603
19 79 133 185 209 238 289 344 420 466 495 531 570
12 94 122 166 215 246 323 368 412 433 483 538 569
24 68 116 153 232 252 306 347 409 450 493 563 565
10 83 109 170 228 242 321 343 388 463 471 557 593
45 78 106 151 194 236 313 364 399 456 484 545 600
21 93 138 148 191 241 295 372 405 455 507 523 592
44 88 130 169 224 251 305 338 415 424 476 522 591
35 76 111 150 204 279 288 367 377 442 505 564 576
17 75 115 178 207 274 293 352 404 428 502 540 590
13 52 103 188 198 276 316 365 402 449 512 519 585
30 64 108 162 220 261 328 345 397 447 511 537 568
18 82 141 187 227 253 287 342 398 438 486 535 587
6 77 132 154 223 271 312 337 396 446 498 553 577
28 74 120 147 217 267 285 349 393 429 510 556 608
43 57 129 144 200 259 326 339 386 470 490 520 610
4 71 96 174 214 244 309 332 423 461 516 560 573
3 50 98 149 231 270 324 331 390 465 514 554 598
47 90 112 167 193 237 320 362 378 431 501 530 607
42 63 128 184 211 256 304 357 408 430 489 524 583
2 61 135 179 210 239 319 336 410 426 500 551 605
40 67 102 146 233 248 317 335 395 459 513 548 579
27 69 100 181 189 281 308 360 406 454 488 543 574
25 53 114 165 229 255 303 366 392 452 506 527 589
15 80 134 143 197 268 302 330 422 448 475 562 601
39 62 107 172 219 247 300 351 419 451 494 546 566
11 72 97 177 201 275 298 373 417 464 482 525 581
37 89 99 173 190 245 297 371 382 425 497 561 611
9 58 119 168 208 273 296 374 379 437 508 559 602
32 56 131 161 226 264 318 363 384 432 481 526 609
14 65 136 158 213 265 290 361 391 468 479 547 595
20 49 126 152 222 258 294 346 418 462 503 541 582
