535 963 1391 1819 2247 2675 3103 3531 3959 4387 4815 5243 5671 6099 6527 6955 7383 7811 8239 8667 9095 9523 9951 10379 10807 11235 11555 11983 12411 12839 13267 13695 14123 14551 14979 15407 15835 16263 16691 17119 17547 17975 18403 18831 19259 19687 20115 20543 20971 21399 21827 22255 23112
429 856 1386 1813 2240 2667 3094 3521 3947 4372 4796 5222 5648 6074 6501 6926 7353 7780 8207 8634 9060 9487 9914 10341 10767 11192 11619 12046 12471 12898 13323 13750 14174 14601 15027 15450 15872 16299 16724 17150 17576 18002 18429 18856 19282 19709 20135 20556 20983 21410 21837 22262 23111
533 959 1377 1803 2229 2655 3081 3507 3931 4353 4773 5197 5621 6045 6471 6893 7319 7745 8171 8597 9021 9447 9873 10299 10723 11145 11571 11997 12419 12845 13374 13800 14220 14646 15070 15488 15904 16330 16752 17176 17600 18024 18450 18876 19300 19726 20150 20564 20990 21416 21842 22264 23217
530 955 1368 1793 2218 2643 3068 3493 3915 4334 4750 5172 5594 6016 6441 6860 7285 7710 8135 8560 9089 9514 9939 10364 10786 11205 11630 12055 12474 12899 13318 13743 14159 14584 15006 15419 15936 16361 16780 17202 17624 18046 18471 18896 19318 19743 20165 20572 20997 21422 21847 22266 23109
527 951 1359 1783 2207 2631 3055 3479 3899 4315 4727 5147 5567 6094 6518 6934 7358 7782 8206 8630 9050 9474 9898 10322 10742 11158 11582 12006 12422 12846 13369 13793 14205 14629 15049 15457 15861 16285 16701 17121 17648 18068 18492 18916 19336 19760 20180 20580 21004 21428 21852 22268 23108
524 947 1350 1773 2196 2619 3042 3465 3883 4296 4811 5229 5647 6065 6488 6901 7324 7747 8170 8593 9011 9434 9857 10280 10805 11218 11641 12064 12477 12900 13313 13736 14144 14567 14985 15495 15893 16316 16729 17147 17565 17983 18406 18936 19354 19777 20195 20588 21011 21434 21857 22270 23214
521 943 1341 1763 2185 2607 3029 3451 3867 4384 4788 5204 5620 6036 6458 6868 7290 7712 8134 8663 9079 9501 9923 10345 10761 11171 11593 12015 12425 12847 13364 13786 14190 14612 15028 15426 15925 16347 16757 17173 17589 18005 18427 18849 19265 19794 20210 20596 21018 21440 21862 22272 23213
518 939 1332 1753 2174 2595 3016 3437 3958 4365 4765 5179 5593 6007 6428 6942 7363 7784 8205 8626 9040 9461 9882 10303 10717 11231 11652 12073 12480 12901 13308 13729 14129 14657 15071 15464 15850 16271 16785 17199 17613 18027 18448 18869 19283 19704 20118 20604 21025 21446 21867 22274 23212
515 935 1323 1743 2163 2583 3003 3530 3942 4346 4742 5154 5566 6085 6505 6909 7329 7749 8169 8589 9001 9421 9948 10368 10780 11184 11604 12024 12428 12848 13359 13779 14175 14595 15007 15502 15882 16302 16706 17225 17637 18049 18469 18889 19301 19721 20133 20612 21032 21452 21872 22276 23211
512 931 1314 1733 2152 2571 3097 3516 3926 4327 4719 5236 5646 6056 6475 6876 7295 7714 8133 8659 9069 9488 9907 10326 10736 11137 11556 12082 12483 12902 13303 13722 14221 14640 15050 15433 15914 16333 16734 17144 17554 18071 18490 18909 19319 19738 20148 20620 21039 21458 21877 22278 23103
509 927 1305 1723 2141 2666 3084 3502 3910 4308 4803 5211 5619 6027 6445 6950 7368 7786 8204 8622 9030 9448 9866 10284 10799 11197 11615 12033 12431 12849 13354 13772 14160 14578 14986 15471 15839 16364 16762 17170 17578 17986 18404 18929 19337 19755 20163 20628 21046 21464 21882 22280 23102
506 923 1296 1713 2237 2654 3071 3488 3894 4289 4780 5186 5592 5998 6522 6917 7334 7751 8168 8585 8991 9515 9932 10349 10755 11150 11567 11984 12486 12903 13298 13715 14206 14623 15029 15509 15871 16288 16790 17196 17602 18008 18425 18842 19355 19772 20178 20636 21053 21470 21887 22282 23101
503 919 1287 1810 2226 2642 3058 3474 3878 4377 4757 5161 5565 6076 6492 6884 7300 7716 8132 8655 9059 9475 9891 10307 10711 11210 11626 12042 12434 12850 13349 13765 14145 14561 15072 15440 15903 16319 16711 17222 17626 18030 18446 18862 19266 19789 20193 20644 21060 21476 21892 22284 23100
500 915 1385 1800 2215 2630 3045 3460 3862 4358 4734 5136 5645 6047 6462 6851 7373 7788 8203 8618 9020 9435 9850 10372 10774 11163 11578 11993 12489 12904 13293 13708 14191 14606 15008 15478 15935 16350 16739 17141 17650 18052 18467 18882 19284 19699 20208 20545 21067 21482 21897 22286 23099
497 911 1376 1790 2204 2618 3032 3446 3953 4339 4711 5218 5618 6018 6432 6925 7339 7753 8167 8581 9088 9502 9916 10330 10730 11223 11637 12051 12437 12851 13344 13758 14130 14651 15051 15409 15860 16274 16767 17167 17567 18074 18488 18902 19302 19716 20116 20553 21074 21488 21902 22288 23098
494 907 1367 1780 2193 2606 3019 3432 3937 4320 4795 5193 5591 6096 6509 6892 7305 7718 8238 8651 9049 9462 9875 10288 10793 11176 11589 12002 12492 12905 13288 13701 14176 14589 14987 15447 15892 16305 16795 17193 17591 17989 18509 18922 19320 19733 20131 20561 20974 21494 21907 22290 23204
491 903 1358 1770 2182 2594 3006 3525 3921 4301 4772 5168 5564 6067 6479 6859 7378 7790 8202 8614 9010 9422 9941 10353 10749 11129 11648 12060 12440 12852 13339 13751 14222 14634 15030 15485 15924 16336 16716 17219 17615 18011 18423 18835 19338 19750 20146 20569 20981 21500 21912 22292 23096
488 899 1349 1760 2171 2582 3100 3511 3905 4282 4749 5143 5644 6038 6449 6933 7344 7755 8166 8577 9078 9489 9900 10311 10705 11189 11600 12011 12495 12906 13283 13801 14161 14572 15073 15416 15849 16367 16744 17138 17639 18033 18444 18855 19356 19767 20161 20577 20988 21506 21917 22294 23202
485 895 1340 1750 2160 2570 3087 3497 3889 4370 4726 5225 5617 6009 6526 6900 7310 7720 8237 8647 9039 9449 9859 10376 10768 11142 11659 12069 12443 12853 13334 13744 14207 14617 15009 15454 15881 16291 16772 17164 17556 18055 18465 18875 19267 19784 20176 20585 20995 21405 21922 22296 23201
482 891 1331 1740 2149 2665 3074 3483 3873 4351 4810 5200 5590 6087 6496 6867 7276 7792 8201 8610 9000 9516 9925 10334 10724 11202 11611 12020 12498 12907 13278 13794 14146 14555 15052 15492 15913 16322 16693 17190 17580 18077 18486 18895 19285 19694 20191 20593 21002 21411 21927 22298 23093
479 887 1322 1730 2245 2653 3061 3469 3857 4332 4787 5175 5670 6058 6466 6941 7349 7757 8165 8573 9068 9476 9884 10292 10787 11155 11563 12078 12446 12854 13329 13737 14192 14600 14988 15423 15838 16353 16721 17216 17604 17992 18507 18915 19303 19711 20206 20601 21009 21417 21932 22300 23199
476 883 1313 1720 2234 2641 3048 3455 3948 4313 4764 5150 5643 6029 6436 6908 7315 7722 8236 8643 9029 9436 9950 10357 10743 11215 11622 12029 12501 12908 13273 13787 14131 14645 15031 15461 15870 16277 16749 17135 17628 18014 18421 18935 19321 19728 20221 20609 21016 21423 21830 22302 23198
473 879 1304 1817 2223 2629 3035 3441 3932 4294 4741 5232 5616 6000 6513 6875 7281 7794 8200 8606 8990 9503 9909 10315 10806 11168 11574 12087 12449 12855 13324 13730 14177 14583 15074 15499 15902 16308 16777 17161 17652 18036 18442 18848 19339 19745 20129 20617 21023 21429 21835 22304 23197
470 875 1295 1807 2212 2617 3022 3427 3916 4382 4718 5207 5589 6078 6483 6949 7354 7759 8164 8569 9058 9463 9868 10273 10762 11228 11633 12038 12504 12909 13268 13780 14223 14628 15010 15430 15934 16339 16698 17187 17569 18058 18463 18868 19357 19762 20144 20625 21030 21435 21840 22306 23089
467 871 1286 1797 2201 2605 3009 3520 3900 4363 4802 5182 5669 6049 6453 6916 7320 7724 8235 8639 9019 9423 9934 10338 10718 11181 11585 11989 12452 12856 13319 13723 14162 14566 15053 15468 15859 16370 16726 17213 17593 18080 18484 18888 19268 19779 20159 20633 21037 21441 21845 22308 23195
464 867 1384 1787 2190 2593 2996 3506 3884 4344 4779 5157 5642 6020 6423 6883 7286 7796 8199 8602 9087 9490 9893 10296 10781 11134 11644 12047 12507 12910 13370 13773 14208 14611 14989 15506 15891 16294 16754 17132 17617 17995 18505 18908 19286 19689 20174 20641 21044 21447 21850 22310 23087
461 863 1375 1777 2179 2581 3090 3492 3868 4325 4756 5239 5615 6098 6500 6850 7359 7761 8163 8565 9048 9450 9852 10361 10737 11194 11596 11998 12455 12857 13314 13716 14147 14656 15032 15437 15923 16325 16782 17158 17641 18017 18419 18928 19304 19706 20189 20649 21051 21453 21855 22312 23193
458 859 1366 1767 2168 2569 3077 3478 3852 4306 4733 5214 5588 6069 6470 6924 7325 7726 8234 8635 9009 9517 9918 10319 10800 11147 11655 12056 12510 12911 13365 13766 14193 14594 15075 15475 15848 16356 16703 17184 17558 18039 18440 18841 19322 19723 20204 20550 21058 21459 21860 22314 23085
455 962 1357 1757 2157 2664 3064 3464 3943 4287 4710 5189 5668 6040 6440 6891 7291 7798 8198 8598 9077 9477 9877 10277 10756 11207 11607 12007 12458 12858 13309 13709 14132 14639 15011 15513 15880 16280 16731 17210 17582 18061 18461 18861 19340 19740 20219 20558 21065 21465 21865 22316 23191
452 958 1348 1747 2146 2652 3051 3450 3927 4375 4794 5164 5641 6011 6517 6858 7364 7763 8162 8561 9038 9437 9943 10342 10712 11160 11559 12065 12513 12912 13360 13759 14178 14577 15054 15444 15912 16311 16759 17129 17606 17976 18482 18881 19358 19757 20127 20566 21072 21471 21870 22318 23083
449 954 1339 1737 2242 2640 3038 3436 3911 4356 4771 5139 5614 6089 6487 6932 7330 7728 8233 8631 8999 9504 9902 10300 10775 11220 11618 12016 12461 12859 13304 13702 14224 14622 14990 15482 15837 16342 16787 17155 17630 17998 18503 18901 19269 19774 20142 20574 20972 21477 21875 22320 23082
446 950 1330 1727 2231 2628 3025 3529 3895 4337 4748 5221 5587 6060 6457 6899 7296 7800 8197 8594 9067 9464 9861 10365 10731 11173 11570 12074 12516 12913 13355 13752 14163 14560 15033 15413 15869 16266 16708 17181 17654 18020 18417 18921 19287 19791 20157 20582 20979 21483 21880 22322 23188
443 946 1321 1717 2220 2616 3012 3515 3879 4318 4725 5196 5667 6031 6427 6866 7369 7765 8161 8664 9028 9424 9927 10323 10794 11233 11629 12025 12464 12860 13299 13802 14209 14605 15076 15451 15901 16297 16736 17207 17571 18042 18438 18834 19305 19701 20172 20590 20986 21489 21885 22324 23187
440 942 1312 1814 2209 2604 2999 3501 3863 4299 4809 5171 5640 6002 6504 6940 7335 7730 8232 8627 8989 9491 9886 10281 10750 11186 11581 12083 12412 12914 13350 13745 14148 14650 15012 15489 15933 16328 16764 17126 17595 18064 18459 18854 19323 19718 20187 20598 20993 21495 21890 22326 23079
437 938 1303 1804 2198 2592 3093 3487 3954 4280 4786 5146 5613 6080 6474 6907 7301 7802 8196 8590 9057 9451 9845 10346 10706 11139 11640 12034 12467 12861 13294 13795 14194 14588 15055 15420 15858 16359 16792 17152 17619 17979 18480 18874 19341 19735 20202 20606 21000 21501 21895 22328 23078
434 934 1294 1794 2187 2580 3080 3473 3938 4368 4763 5228 5586 6051 6444 6874 7374 7767 8160 8660 9018 9518 9911 10304 10769 11199 11592 11985 12415 12915 13345 13738 14133 14633 14991 15458 15890 16283 16713 17178 17643 18001 18501 18894 19359 19752 20217 20614 21007 21400 21900 22330 23077
431 930 1285 1784 2176 2568 3067 3459 3922 4349 4740 5203 5666 6022 6521 6948 7340 7732 8231 8623 9086 9478 9870 10369 10725 11152 11651 12043 12470 12862 13289 13788 14179 14571 15034 15496 15922 16314 16741 17204 17560 18023 18415 18914 19270 19769 20125 20622 21014 21406 21905 22332 23076
428 926 1383 1774 2165 2663 3054 3445 3906 4330 4717 5178 5639 5993 6491 6915 7306 7804 8195 8586 9047 9438 9936 10327 10788 11212 11603 11994 12418 12916 13340 13731 14225 14616 15077 15427 15847 16345 16769 17123 17584 18045 18436 18934 19288 19786 20140 20630 21021 21412 21910 22334 23075
532 922 1374 1764 2154 2651 3041 3431 3890 4311 4801 5153 5612 6071 6461 6882 7379 7769 8159 8656 9008 9505 9895 10285 10744 11165 11662 12052 12473 12863 13284 13781 14164 14554 15013 15465 15879 16269 16797 17149 17608 18067 18457 18847 19306 19696 20155 20638 21028 21418 21915 22336 23181
529 918 1365 1754 2143 2639 3028 3524 3874 4292 4778 5235 5585 6042 6431 6849 7345 7734 8230 8619 9076 9465 9854 10350 10700 11225 11614 12003 12421 12917 13335 13724 14210 14599 15056 15503 15911 16300 16718 17175 17632 17982 18478 18867 19324 19713 20170 20646 21035 21424 21920 22338 23073
526 914 1356 1744 2239 2627 3015 3510 3858 4380 4755 5210 5665 6013 6508 6923 7311 7806 8194 8582 9037 9425 9920 10308 10763 11178 11566 12061 12476 12864 13279 13774 14149 14644 14992 15434 15836 16331 16746 17201 17549 18004 18499 18887 19342 19730 20185 20547 21042 21430 21925 22340 23072
523 910 1347 1734 2228 2615 3002 3496 3949 4361 4732 5185 5638 6091 6478 6890 7277 7771 8158 8652 8998 9492 9879 10373 10719 11131 11625 12012 12424 12918 13330 13717 14195 14582 15035 15472 15868 16362 16774 17120 17573 18026 18413 18907 19360 19747 20200 20555 21049 21436 21930 22342 23071
520 906 1338 1724 2217 2603 3096 3482 3933 4342 4709 5160 5611 6062 6448 6857 7350 7736 8229 8615 9066 9452 9945 10331 10782 11191 11577 12070 12479 12865 13274 13767 14134 14627 15078 15510 15900 16286 16695 17146 17597 18048 18434 18927 19271 19764 20215 20563 21056 21442 21828 22344 23070
517 902 1329 1714 2206 2591 3083 3468 3917 4323 4793 5242 5584 6033 6525 6931 7316 7808 8193 8578 9027 9519 9904 10289 10738 11144 11636 12021 12427 12919 13325 13710 14180 14565 15014 15441 15932 16317 16723 17172 17621 18070 18455 18840 19289 19781 20123 20571 21063 21448 21833 22346 23176
514 898 1320 1811 2195 2579 3070 3454 3901 4304 4770 5217 5664 6004 6495 6898 7282 7773 8157 8648 8988 9479 9863 10354 10801 11204 11588 12079 12482 12866 13269 13760 14226 14610 15057 15479 15857 16348 16751 17198 17645 17985 18476 18860 19307 19691 20138 20579 21070 21454 21838 22348 23068
511 894 1311 1801 2184 2674 3057 3440 3885 4285 4747 5192 5637 6082 6465 6865 7355 7738 8228 8611 9056 9439 9929 10312 10757 11157 11647 12030 12430 12920 13320 13703 14165 14655 14993 15410 15889 16272 16779 17224 17562 18007 18497 18880 19325 19708 20153 20587 21077 21460 21843 22350 23174
508 890 1302 1791 2173 2662 3044 3426 3869 4373 4724 5167 5610 6053 6435 6939 7321 7810 8192 8574 9017 9506 9888 10377 10713 11217 11599 12088 12485 12867 13371 13753 14211 14593 15036 15448 15921 16303 16700 17143 17586 18029 18411 18900 19343 19725 20168 20595 20977 21466 21848 22352 23173
505 886 1293 1781 2162 2650 3031 3519 3853 4354 4808 5142 5583 6024 6512 6906 7287 7775 8156 8644 9085 9466 9847 10335 10776 11170 11658 12039 12433 12921 13315 13696 14150 14638 15079 15486 15846 16334 16728 17169 17610 18051 18432 18920 19361 19742 20183 20603 20984 21472 21853 22354 23065
502 882 1284 1771 2151 2638 3018 3505 3944 4335 4785 5224 5663 5995 6482 6873 7360 7740 8227 8607 9046 9426 9913 10293 10732 11230 11610 11990 12488 12868 13366 13746 14196 14576 15015 15417 15878 16365 16756 17195 17634 18073 18453 18833 19272 19759 20198 20611 20991 21478 21858 22356 23064
499 878 1382 1761 2140 2626 3005 3491 3928 4316 4762 5199 5636 6073 6452 6947 7326 7705 8191 8570 9007 9493 9872 10358 10795 11183 11562 12048 12436 12922 13310 13796 14135 14621 15058 15455 15910 16289 16784 17221 17551 17988 18474 18853 19290 19776 20213 20619 20998 21484 21863 22358 23063
496 874 1373 1751 2236 2614 3099 3477 3912 4297 4739 5174 5609 6044 6422 6914 7292 7777 8155 8640 9075 9453 9938 10316 10751 11136 11621 11999 12491 12869 13361 13739 14181 14559 14994 15493 15942 16320 16705 17140 17575 18010 18495 18873 19308 19793 20121 20627 21005 21490 21868 22360 23169
493 870 1364 1741 2225 2602 3086 3463 3896 4385 4716 5149 5582 6015 6499 6881 7365 7742 8226 8603 9036 9520 9897 10274 10707 11196 11573 12057 12439 12923 13305 13789 14227 14604 15037 15424 15867 16351 16733 17166 17599 18032 18409 18893 19326 19703 20136 20635 21012 21496 21873 22362 23168
490 866 1355 1731 2214 2590 3073 3449 3880 4366 4800 5231 5662 6093 6469 6848 7331 7707 8190 8566 8997 9480 9856 10339 10770 11149 11632 12008 12494 12870 13356 13732 14166 14649 15080 15462 15899 16275 16761 17192 17623 18054 18430 18913 19344 19720 20151 20643 21019 21502 21878 22257 23060
487 862 1346 1721 2203 2578 3060 3435 3864 4347 4777 5206 5635 6064 6439 6922 7297 7779 8154 8636 9065 9440 9922 10297 10726 11209 11584 12066 12442 12924 13300 13782 14212 14587 15016 15500 15931 16306 16789 17218 17647 18076 18451 18933 19362 19737 20166 20544 21026 21401 21883 22259 23059
484 858 1337 1818 2192 2673 3047 3528 3955 4328 4754 5181 5608 6035 6516 6889 7370 7744 8225 8599 9026 9507 9881 10362 10789 11162 11643 12017 12497 12871 13351 13725 14151 14632 15059 15431 15856 16337 16710 17137 17564 17991 18472 18846 19273 19754 20181 20552 21033 21407 21888 22261 23165
481 961 1328 1808 2181 2661 3034 3514 3939 4309 4731 5156 5581 6006 6486 6856 7336 7709 8189 8562 9094 9467 9947 10320 10745 11222 11595 12075 12445 12925 13295 13775 14197 14570 14995 15469 15888 16368 16738 17163 17588 18013 18493 18866 19291 19771 20196 20560 21040 21413 21893 22263 23164
478 957 1319 1798 2170 2649 3021 3500 3923 4290 4708 5238 5661 6084 6456 6930 7302 7781 8153 8632 9055 9427 9906 10278 10701 11175 11654 12026 12500 12872 13346 13718 14136 14615 15038 15507 15920 16292 16766 17189 17612 18035 18407 18886 19309 19788 20211 20568 21047 21419 21898 22265 23056
475 953 1310 1788 2159 2637 3008 3486 3907 4378 4792 5213 5634 6055 6426 6897 7375 7746 8224 8595 9016 9494 9865 10343 10764 11128 11606 12084 12448 12926 13290 13768 14182 14553 15081 15438 15845 16323 16794 17215 17636 18057 18428 18906 19327 19698 20119 20576 21054 21425 21903 22267 23055
472 949 1301 1778 2148 2625 3102 3472 3891 4359 4769 5188 5607 6026 6503 6864 7341 7711 8188 8665 9084 9454 9931 10301 10720 11188 11558 12035 12503 12873 13341 13711 14228 14598 15017 15476 15877 16354 16715 17134 17553 18079 18449 18926 19345 19715 20134 20584 21061 21431 21908 22269 23161
469 945 1292 1768 2244 2613 3089 3458 3875 4340 4746 5163 5580 5997 6473 6938 7307 7783 8152 8628 9045 9521 9890 10366 10783 11141 11617 11986 12451 12927 13285 13761 14167 14643 15060 15514 15909 16278 16743 17160 17577 17994 18470 18839 19363 19732 20149 20592 21068 21437 21913 22271 23160
466 941 1390 1758 2233 2601 3076 3444 3859 4321 4723 5138 5660 6075 6443 6905 7380 7748 8223 8591 9006 9481 9849 10324 10739 11201 11569 12044 12506 12874 13336 13704 14213 14581 14996 15445 15941 16309 16771 17186 17601 18016 18491 18859 19274 19749 20164 20600 21075 21443 21918 22273 23159
463 937 1381 1748 2222 2589 3063 3430 3950 4302 4807 5220 5633 6046 6520 6872 7346 7713 8187 8661 9074 9441 9915 10282 10802 11154 11628 11995 12454 12928 13280 13754 14152 14626 15039 15483 15866 16340 16692 17212 17625 18038 18405 18879 19292 19766 20179 20608 20975 21449 21923 22275 23051
460 933 1372 1738 2211 2577 3050 3523 3934 4283 4784 5195 5606 6017 6490 6946 7312 7785 8151 8624 9035 9508 9874 10347 10758 11214 11580 12053 12509 12875 13331 13697 14198 14564 15082 15414 15898 16264 16720 17131 17649 18060 18426 18899 19310 19783 20194 20616 20982 21455 21928 22277 23050
457 929 1363 1728 2200 2672 3037 3509 3918 4371 4761 5170 5579 6095 6460 6913 7278 7750 8222 8587 8996 9468 9940 10305 10714 11167 11639 12004 12457 12929 13275 13747 14137 14609 15018 15452 15930 16295 16748 17157 17566 18082 18447 18919 19328 19693 20209 20624 20989 21461 21933 22279 23156
454 925 1354 1718 2189 2660 3024 3495 3902 4352 4738 5145 5659 6066 6430 6880 7351 7715 8186 8657 9064 9428 9899 10370 10777 11227 11591 12062 12512 12876 13326 13797 14183 14654 15061 15490 15855 16326 16776 17183 17590 17997 18468 18832 19346 19710 20117 20632 20996 21467 21831 22281 23048
451 921 1345 1815 2178 2648 3011 3481 3886 4333 4715 5227 5632 6037 6507 6954 7317 7787 8150 8620 9025 9495 9858 10328 10733 11180 11650 12013 12460 12930 13270 13740 14229 14592 14997 15421 15887 16357 16697 17209 17614 18019 18489 18852 19364 19727 20132 20640 21003 21473 21836 22283 23154
448 917 1336 1805 2167 2636 2998 3467 3870 4314 4799 5202 5605 6008 6477 6921 7283 7752 8221 8583 9093 9455 9924 10286 10796 11133 11602 12071 12515 12877 13321 13790 14168 14637 15040 15459 15919 16281 16725 17128 17638 18041 18510 18872 19275 19744 20147 20648 21010 21479 21841 22285 23153
445 913 1327 1795 2156 2624 3092 3453 3854 4295 4776 5177 5578 6086 6447 6888 7356 7717 8185 8653 9054 9522 9883 10351 10752 11193 11661 12022 12463 12931 13372 13733 14214 14575 15083 15497 15844 16312 16753 17154 17555 18063 18424 18892 19293 19761 20162 20549 21017 21485 21846 22287 23152
442 909 1318 1785 2145 2612 3079 3439 3945 4383 4753 5152 5658 6057 6524 6855 7322 7789 8149 8616 9015 9482 9949 10309 10708 11146 11613 12080 12518 12878 13316 13783 14153 14620 15019 15428 15876 16343 16781 17180 17579 17978 18445 18912 19311 19778 20177 20557 21024 21491 21851 22289 23151
439 905 1309 1775 2241 2600 3066 3425 3929 4364 4730 5234 5631 6028 6494 6929 7288 7754 8220 8579 9083 9442 9908 10374 10771 11206 11565 12031 12466 12932 13367 13726 14199 14558 15062 15466 15908 16267 16702 17206 17603 18000 18466 18932 19329 19688 20192 20565 21031 21497 21856 22291 23043
436 901 1300 1765 2230 2588 3053 3518 3913 4345 4814 5209 5604 5999 6464 6896 7361 7719 8184 8649 9044 9509 9867 10332 10727 11159 11624 12089 12414 12879 13311 13776 14138 14603 14998 15504 15940 16298 16730 17125 17627 18022 18487 18845 19347 19705 20207 20573 21038 21503 21861 22293 23149
433 897 1291 1755 2219 2576 3040 3504 3897 4326 4791 5184 5577 6077 6434 6863 7327 7791 8148 8612 9005 9469 9933 10290 10790 11219 11576 12040 12469 12933 13362 13719 14184 14648 15041 15435 15865 16329 16758 17151 17651 18044 18508 18865 19365 19722 20222 20581 21045 21402 21866 22295 23148
430 893 1389 1745 2208 2671 3027 3490 3881 4307 4768 5159 5657 6048 6511 6937 7293 7756 8219 8575 9073 9429 9892 10355 10746 11172 11635 11991 12417 12880 13306 13769 14230 14586 15084 15473 15897 16360 16786 17177 17568 18066 18422 18885 19276 19739 20130 20589 21052 21408 21871 22297 23147
534 889 1380 1735 2197 2659 3014 3476 3865 4288 4745 5241 5630 6019 6481 6904 7366 7721 8183 8645 9034 9496 9851 10313 10702 11232 11587 12049 12472 12934 13357 13712 14169 14631 15020 15511 15929 16284 16707 17203 17592 17981 18443 18905 19294 19756 20145 20597 21059 21414 21876 22299 23146
531 885 1371 1725 2186 2647 3001 3462 3956 4376 4722 5216 5603 6097 6451 6871 7332 7793 8147 8608 8995 9456 9917 10378 10765 11185 11646 12000 12420 12881 13301 13762 14215 14569 15063 15442 15854 16315 16735 17122 17616 18003 18464 18925 19312 19773 20160 20605 21066 21420 21881 22301 23145
528 881 1362 1715 2175 2635 3095 3448 3940 4357 4806 5191 5576 6068 6421 6945 7298 7758 8218 8571 9063 9416 9876 10336 10721 11138 11598 12058 12475 12935 13352 13705 14154 14614 14999 15480 15886 16346 16763 17148 17640 18025 18485 18838 19330 19790 20175 20613 21073 21426 21886 22303 23037
525 877 1353 1812 2164 2623 3082 3434 3924 4338 4783 5166 5656 6039 6498 6912 7371 7723 8182 8641 9024 9483 9942 10294 10784 11198 11657 12009 12423 12882 13296 13755 14200 14552 15042 15411 15918 16270 16791 17174 17557 18047 18506 18858 19348 19700 20190 20621 20973 21432 21891 22305 23036
522 873 1344 1802 2153 2611 3069 3527 3908 4319 4760 5141 5629 6010 6468 6879 7337 7795 8146 8604 9092 9443 9901 10359 10740 11151 11609 12067 12478 12936 13347 13698 14139 14597 15085 15449 15843 16301 16712 17200 17581 18069 18420 18878 19366 19717 20205 20629 20980 21438 21896 22307 23142
519 869 1335 1792 2142 2599 3056 3513 3892 4300 4737 5223 5602 6088 6438 6953 7303 7760 8217 8567 9053 9510 9860 10317 10803 11211 11561 12018 12426 12883 13291 13748 14185 14642 15021 15487 15875 16332 16740 17226 17605 17984 18441 18898 19277 19734 20220 20637 20987 21444 21901 22309 23141
516 865 1326 1782 2238 2587 3043 3499 3876 4281 4714 5198 5575 6059 6515 6920 7376 7725 8181 8637 9014 9470 9926 10275 10759 11164 11620 12076 12481 12937 13342 13798 14124 14580 15064 15418 15907 16363 16768 17145 17629 18006 18462 18918 19295 19751 20128 20645 20994 21450 21906 22311 23033
513 861 1317 1772 2227 2575 3030 3485 3860 4369 4798 5173 5655 6030 6485 6887 7342 7797 8145 8600 9082 9430 9885 10340 10715 11224 11572 12027 12429 12884 13286 13741 14170 14625 15000 15456 15939 16287 16796 17171 17653 18028 18483 18938 19313 19768 20143 20546 21001 21456 21911 22313 23139
510 857 1308 1762 2216 2670 3017 3471 3951 4350 4775 5148 5628 6001 6455 6854 7308 7762 8216 8563 9043 9497 9844 10298 10778 11177 11631 12085 12484 12938 13337 13791 14216 14563 15043 15494 15864 16318 16717 17197 17570 18050 18504 18851 19331 19785 20158 20554 21008 21462 21916 22315 23031
507 960 1299 1752 2205 2658 3004 3457 3935 4331 4752 5230 5601 6079 6425 6928 7381 7727 8180 8633 9004 9457 9910 10363 10734 11130 11583 12036 12432 12885 13281 13734 14155 14608 15086 15425 15896 16349 16745 17223 17594 18072 18418 18871 19349 19695 20173 20562 21015 21468 21921 22317 23137
504 956 1290 1742 2194 2646 3098 3443 3919 4312 4729 5205 5574 6050 6502 6895 7347 7799 8144 8596 9072 9417 9869 10321 10797 11190 11642 11987 12487 12939 13332 13784 14201 14653 15022 15463 15928 16273 16773 17142 17618 17987 18439 18891 19260 19712 20188 20570 21022 21474 21926 22319 23029
501 952 1388 1732 2183 2634 3085 3429 3903 4293 4813 5180 5654 6021 6472 6862 7313 7764 8215 8666 9033 9484 9935 10279 10753 11143 11594 12045 12435 12886 13276 13727 14140 14591 15065 15501 15853 16304 16694 17168 17642 18009 18460 18911 19278 19729 20203 20578 21029 21480 21931 22321 23135
498 948 1379 1722 2172 2622 3072 3522 3887 4381 4790 5155 5627 5992 6442 6936 7279 7729 8179 8629 8994 9444 9894 10344 10709 11203 11653 11996 12490 12940 13327 13777 14186 14636 15001 15432 15885 16335 16722 17194 17559 18031 18481 18931 19296 19746 20218 20586 21036 21486 21829 22323 23027
495 944 1370 1712 2161 2610 3059 3508 3871 4362 4767 5237 5600 6070 6519 6903 7352 7801 8143 8592 9062 9511 9853 10302 10772 11156 11605 12054 12438 12887 13271 13720 14125 14574 15044 15470 15917 16366 16750 17220 17583 18053 18502 18844 19314 19763 20126 20594 21043 21492 21834 22325 23026
492 940 1361 1809 2150 2598 3046 3494 3855 4343 4744 5212 5573 6041 6489 6870 7318 7766 8214 8662 9023 9471 9919 10367 10728 11216 11557 12005 12493 12941 13322 13770 14171 14619 14980 15508 15842 16290 16778 17139 17607 18075 18416 18864 19332 19780 20141 20602 21050 21498 21839 22327 23025
489 936 1352 1799 2246 2586 3033 3480 3946 4324 4721 5187 5653 6012 6459 6944 7284 7731 8178 8625 9091 9431 9878 10325 10791 11169 11616 12063 12441 12888 13373 13713 14217 14557 15023 15439 15874 16321 16699 17165 17631 17990 18437 18884 19350 19690 20156 20610 21057 21504 21844 22329 23131
486 932 1343 1789 2235 2574 3020 3466 3930 4305 4805 5162 5626 6090 6429 6911 7357 7803 8142 8588 9052 9498 9944 10283 10747 11229 11568 12014 12496 12942 13317 13763 14156 14602 15066 15477 15906 16352 16727 17191 17548 18012 18458 18904 19261 19707 20171 20618 21064 21403 21849 22331 23023
483 928 1334 1779 2224 2669 3007 3452 3914 4286 4782 5137 5599 6061 6506 6878 7323 7768 8213 8658 9013 9458 9903 10348 10703 11182 11627 12072 12444 12889 13368 13706 14202 14647 15002 15408 15938 16276 16755 17217 17572 18034 18479 18924 19279 19724 20186 20626 21071 21409 21854 22333 23022
480 924 1325 1769 2213 2657 3101 3438 3898 4374 4759 5219 5572 6032 6476 6952 7289 7733 8177 8621 9081 9418 9862 10306 10766 11135 11579 12023 12499 12943 13312 13756 14141 14585 15045 15446 15863 16307 16783 17136 17596 18056 18500 18837 19297 19741 20201 20634 21078 21415 21859 22335 23128
477 920 1316 1759 2202 2645 3088 3424 3882 4355 4736 5194 5652 6003 6446 6919 7362 7805 8141 8584 9042 9485 9928 10371 10722 11195 11638 12081 12447 12890 13363 13699 14187 14630 14981 15484 15895 16338 16704 17162 17620 18078 18414 18857 19315 19758 20216 20642 20978 21421 21864 22337 23020
474 916 1307 1749 2191 2633 3075 3517 3866 4336 4713 5169 5625 6081 6523 6886 7328 7770 8212 8654 9003 9445 9887 10329 10785 11148 11590 12032 12502 12944 13307 13749 14126 14568 15024 15415 15927 16369 16732 17188 17644 17993 18435 18877 19333 19775 20124 20650 20985 21427 21869 22339 23126
471 912 1298 1739 2180 2621 3062 3503 3957 4317 4797 5144 5598 6052 6493 6853 7294 7735 8176 8617 9071 9512 9846 10287 10741 11208 11649 12090 12450 12891 13358 13799 14172 14613 15067 15453 15852 16293 16760 17214 17561 18015 18456 18897 19351 19792 20139 20551 20992 21433 21874 22341 23125
468 908 1289 1729 2169 2609 3049 3489 3941 4298 4774 5226 5571 6023 6463 6927 7367 7807 8140 8580 9032 9472 9912 10352 10804 11161 11601 12041 12505 12945 13302 13742 14218 14658 15003 15491 15884 16324 16788 17133 17585 18037 18477 18917 19262 19702 20154 20559 20999 21439 21879 22343 23124
465 904 1387 1719 2158 2597 3036 3475 3925 4386 4751 5201 5651 5994 6433 6894 7333 7772 8211 8650 8993 9432 9871 10310 10760 11221 11660 11992 12453 12892 13353 13792 14157 14596 15046 15422 15916 16355 16709 17159 17609 18059 18498 18937 19280 19719 20169 20567 21006 21445 21884 22345 23123
462 900 1378 1816 2147 2585 3023 3461 3909 4367 4728 5176 5624 6072 6510 6861 7299 7737 8175 8613 9061 9499 9937 10375 10716 11174 11612 12050 12508 12946 13297 13735 14203 14641 14982 15460 15841 16279 16737 17185 17633 18081 18412 18850 19298 19736 20184 20575 21013 21451 21889 22347 23122
459 896 1369 1806 2243 2573 3010 3447 3893 4348 4812 5151 5597 6043 6480 6935 7372 7809 8139 8576 9022 9459 9896 10333 10779 11234 11564 12001 12456 12893 13348 13785 14142 14579 15025 15498 15873 16310 16765 17211 17550 17996 18433 18870 19316 19753 20199 20583 21020 21457 21894 22349 23121
456 892 1360 1796 2232 2668 2997 3433 3877 4329 4789 5233 5570 6014 6450 6902 7338 7774 8210 8646 9090 9419 9855 10291 10735 11187 11623 12059 12511 12840 13292 13728 14188 14624 15068 15429 15905 16341 16793 17130 17574 18018 18454 18890 19334 19770 20214 20591 21027 21463 21899 22351 23013
453 888 1351 1786 2221 2656 3091 3526 3861 4310 4766 5208 5650 6092 6420 6869 7304 7739 8174 8609 9051 9486 9921 10356 10798 11140 11575 12010 12459 12894 13343 13778 14127 14562 15004 15467 15937 16265 16714 17156 17598 18040 18475 18910 19352 19787 20122 20599 21034 21469 21904 22353 23012
450 884 1342 1776 2210 2644 3078 3512 3952 4291 4743 5183 5623 6063 6497 6943 7377 7704 8138 8572 9012 9446 9880 10314 10754 11200 11634 12068 12514 12841 13287 13721 14173 14607 15047 15505 15862 16296 16742 17182 17622 18062 18496 18930 19263 19697 20137 20607 21041 21475 21909 22355 23011
447 880 1333 1766 2199 2632 3065 3498 3936 4379 4720 5158 5596 6034 6467 6910 7343 7776 8209 8642 9080 9513 9946 10272 10710 11153 11586 12019 12462 12895 13338 13771 14219 14652 14983 15436 15894 16327 16770 17208 17646 17977 18410 18843 19281 19714 20152 20615 21048 21481 21914 22357 23010
444 876 1324 1756 2188 2620 3052 3484 3920 4360 4804 5240 5569 6005 6437 6877 7309 7741 8173 8605 9041 9473 9905 10337 10773 11213 11645 12077 12517 12842 13282 13714 14158 14590 15026 15474 15926 16358 16798 17127 17563 17999 18431 18863 19299 19731 20167 20623 21055 21487 21919 22359 23116
441 872 1315 1746 2177 2608 3039 3470 3904 4341 4781 5215 5649 6083 6514 6951 7382 7706 8137 8568 9002 9433 9864 10295 10729 11166 11597 12028 12465 12896 13333 13764 14204 14635 15069 15512 15851 16282 16719 17153 17587 18021 18452 18883 19317 19748 20182 20631 21062 21493 21924 22361 23115
438 868 1306 1736 2166 2596 3026 3456 3888 4322 4758 5190 5622 6054 6484 6918 7348 7778 8208 8638 9070 9500 9930 10360 10792 11226 11656 12086 12413 12843 13277 13707 14143 14573 15005 15443 15883 16313 16747 17179 17611 18043 18473 18903 19335 19765 20197 20639 21069 21499 21929 22256 23007
435 864 1297 1726 2155 2584 3013 3442 3872 4303 4735 5165 5595 6025 6454 6885 7314 7743 8172 8601 9031 9460 9889 10318 10748 11179 11608 12037 12468 12897 13328 13757 14189 14618 15048 15481 15915 16344 16775 17205 17635 18065 18494 18923 19353 19782 20212 20647 21076 21505 21934 22258 23113
