695 1251 1807 2363 2919 3475 4031 4587 5143 5699 6255 6811 7367 7923 8479 9035 9591 10147 10703 11259 11815 12371 12927 13483 14039 14595 15151 15707 16263 16819 17375 17931 18487 19043 19459 20015 20571 21127 21683 22239 22795 23351 23907 24463 25019 25575 26131 26687 27243 27799 28355 28911 29467 30023 30579 31135 31691 32247 32803 33359 33915 34471 35027 35583 36139 36695 37251 37807 38920
558 1113 1668 2362 2916 3470 4024 4577 5129 5681 6236 6789 7344 7899 8454 9007 9562 10117 10672 11227 11780 12335 12889 13444 13999 14554 15108 15662 16217 16771 17326 17880 18430 18985 19540 20095 20650 21204 21758 22308 22863 23418 23973 24528 25082 25635 26188 26742 27293 27846 28401 28951 29506 30057 30612 31165 31720 32275 32829 33384 33939 34493 35048 35602 36156 36710 37261 37816 38919
693 1247 1801 2355 2907 3459 4011 4561 5109 5657 6211 6761 7315 7869 8423 8973 9527 10081 10635 11189 11739 12293 12845 13399 13953 14507 15059 15611 16165 16717 17271 17823 18367 18921 19475 20029 20583 21135 21687 22370 22924 23478 24032 24586 25138 25688 26238 26790 27336 27886 28440 28984 29538 30084 30638 31188 31742 32296 32848 33402 33956 34508 35062 35614 36166 36718 37264 37818 39057
689 1242 1795 2348 2898 3448 3998 4545 5089 5633 6186 6733 7286 7839 8392 8939 9492 10045 10598 11151 11698 12251 12801 13354 13907 14460 15149 15699 16252 16802 17355 17905 18443 18996 19549 20102 20655 21205 21755 22293 22846 23399 23952 24505 25055 25602 26149 26699 27379 27926 28479 29017 29570 30111 30664 31211 31764 32317 32867 33420 33973 34523 35076 35626 36176 36726 37267 37820 39056
685 1237 1789 2341 2889 3437 3985 4529 5069 5609 6161 6705 7257 7809 8361 8905 9457 10009 10700 11252 11796 12348 12896 13448 14000 14552 15100 15648 16200 16748 17300 17848 18380 18932 19484 20036 20588 21136 21684 22355 22907 23459 24011 24563 25111 25655 26199 26747 27283 27827 28379 29050 29602 30138 30690 31234 31786 32338 32886 33438 33990 34538 35090 35638 36186 36734 37270 37822 38916
681 1232 1783 2334 2880 3426 3972 4513 5049 5585 6136 6677 7228 7918 8469 9010 9561 10112 10663 11214 11755 12306 12852 13403 13954 14505 15051 15597 16148 16694 17245 17930 18456 19007 19558 20109 20660 21206 21752 22278 22829 23380 23931 24482 25028 25708 26249 26795 27326 27867 28418 28944 29495 30026 30716 31257 31808 32359 32905 33456 34007 34553 35104 35650 36196 36742 37273 37824 38915
677 1227 1777 2327 2871 3415 3959 4497 5029 5561 6250 6788 7338 7888 8438 8976 9526 10076 10626 11176 11714 12264 12808 13358 13908 14458 15141 15685 16235 16779 17329 17873 18393 18943 19493 20043 20593 21137 21820 22340 22890 23440 23990 24540 25084 25622 26160 26704 27369 27907 28457 28977 29527 30053 30603 31141 31830 32380 32924 33474 34024 34568 35118 35662 36206 36750 37276 37826 38914
673 1222 1771 2320 2862 3404 3946 4481 5009 5676 6225 6760 7309 7858 8407 8942 9491 10040 10589 11138 11812 12361 12903 13452 14001 14550 15092 15634 16183 16725 17274 17816 18469 19018 19567 20116 20665 21207 21749 22263 22812 23361 23910 24598 25140 25675 26210 26752 27273 27808 28357 29010 29559 30080 30629 31164 31713 32262 32804 33492 34041 34583 35132 35674 36216 36758 37279 37828 38913
669 1217 1765 2313 2853 3393 3933 4465 5128 5652 6200 6732 7280 7828 8376 8908 9456 10143 10691 11239 11771 12319 12859 13407 13955 14503 15043 15583 16131 16810 17358 17898 18406 18954 19502 20050 20598 21138 21817 22325 22873 23421 23969 24517 25057 25589 26260 26800 27316 27848 28396 29043 29591 30107 30655 31187 31735 32283 32823 33371 33919 34598 35146 35686 36226 36766 37282 37830 39051
665 1212 1759 2306 2844 3382 3920 4449 5108 5628 6175 6704 7251 7798 8345 9013 9560 10107 10654 11201 11730 12277 12815 13362 13909 14456 15133 15671 16218 16756 17303 17841 18482 19029 19576 20123 20670 21208 21746 22248 22934 23481 24028 24575 25113 25642 26171 26709 27359 27888 28435 28937 29484 30134 30681 31210 31757 32304 32842 33389 33936 34474 35160 35698 36236 36774 37285 37832 38911
661 1207 1753 2299 2835 3371 3907 4572 5088 5604 6150 6676 7361 7907 8453 8979 9525 10071 10617 11163 11689 12235 12910 13456 14002 14548 15084 15620 16166 16702 17248 17923 18419 18965 19511 20057 20603 21139 21814 22310 22856 23402 23948 24494 25030 25695 26221 26757 27263 27928 28474 28970 29516 30161 30707 31233 31779 32325 32861 33407 33953 34489 35035 35710 36246 36782 37288 37834 39049
657 1202 1747 2292 2826 3360 3894 4556 5068 5580 6125 6787 7332 7877 8422 8945 9490 10035 10580 11125 11787 12332 12866 13411 13956 14501 15035 15569 16253 16787 17332 17866 18356 19040 19585 20130 20675 21209 21743 22372 22917 23462 24007 24552 25086 25609 26132 26805 27306 27829 28374 29003 29548 30049 30594 31256 31801 32346 32880 33425 33970 34504 35049 35722 36256 36790 37291 37836 38909
653 1197 1741 2285 2817 3349 4020 4540 5048 5695 6239 6759 7303 7847 8391 8911 9455 10138 10682 11226 11746 12290 12822 13366 13910 14593 15125 15657 16201 16733 17277 17809 18432 18976 19520 20064 20608 21140 21811 22295 22839 23383 23927 24471 25142 25662 26182 26714 27349 27869 28413 29036 29580 30076 30620 31140 31823 32367 32899 33443 33987 34519 35063 35595 36266 36798 37294 37838 39047
649 1192 1735 2278 2808 3338 4007 4524 5028 5671 6214 6731 7274 7817 8360 9016 9559 10102 10645 11188 11705 12248 12917 13460 14003 14546 15076 15606 16149 16818 17361 17891 18369 18912 19594 20137 20680 21210 21740 22357 22900 23443 23986 24529 25059 25576 26232 26762 27253 27909 28452 28930 29473 30103 30646 31163 31706 32249 32918 33461 34004 34534 35077 35607 36276 36806 37297 37840 38907
645 1187 1729 2271 2799 3466 3994 4508 5008 5647 6189 6703 7245 7787 8468 8982 9524 10066 10608 11150 11803 12345 12873 13415 13957 14499 15027 15694 16236 16764 17306 17834 18445 18987 19529 20071 20613 21141 21808 22280 22822 23364 24045 24587 25115 25629 26143 26810 27296 27810 28491 28963 29505 30130 30672 31186 31728 32270 32937 33479 34021 34549 35091 35619 36147 36814 37300 37842 39045
641 1182 1723 2264 2790 3455 3981 4492 5127 5623 6164 6675 7355 7896 8437 8948 9489 10030 10571 11251 11762 12303 12829 13370 13911 14591 15117 15643 16184 16710 17251 17916 18382 18923 19464 20144 20685 21211 21737 22342 22883 23424 23965 24506 25032 25682 26193 26719 27339 27850 28391 28996 29537 30157 30698 31209 31750 32291 32817 33497 34038 34564 35105 35631 36157 36822 37303 37844 39044
637 1177 1717 2257 2781 3444 3968 4476 5107 5599 6139 6786 7326 7866 8406 8914 9454 10133 10673 11213 11721 12261 12924 13464 14004 14544 15068 15592 16132 16795 17335 17859 18458 18998 19538 20078 20618 21142 21805 22265 22805 23484 24024 24564 25088 25596 26243 26767 27382 27890 28430 29029 29569 30045 30585 31232 31772 32312 32836 33376 33916 34579 35119 35643 36167 36830 37306 37846 38904
633 1172 1711 2250 2911 3433 3955 4460 5087 5575 6253 6758 7297 7836 8375 9019 9558 10097 10636 11175 11680 12358 12880 13419 13958 14497 15019 15680 16219 16741 17280 17802 18395 18934 19473 20151 20690 21212 21734 22327 22866 23405 23944 24483 25144 25649 26154 26815 27286 27930 28469 28923 29601 30072 30611 31255 31794 32333 32855 33394 33933 34594 35133 35655 36177 36699 37309 37848 39042
629 1167 1705 2243 2902 3422 3942 4583 5067 5690 6228 6730 7268 7806 8344 8985 9523 10061 10599 11137 11778 12316 12836 13374 13912 14589 15109 15629 16167 16687 17364 17884 18471 19009 19547 20085 20623 21143 21802 22250 22927 23465 24003 24541 25061 25702 26204 26724 27329 27831 28369 28956 29494 30099 30637 31139 31816 32354 32874 33412 33950 34609 35147 35667 36187 36707 37312 37850 39041
625 1162 1699 2236 2893 3411 3929 4567 5047 5666 6203 6702 7239 7915 8452 8951 9488 10025 10701 11238 11737 12274 12792 13468 14005 14542 15060 15578 16254 16772 17309 17827 18408 18945 19482 20019 20695 21213 21731 22312 22849 23386 23923 24599 25117 25616 26254 26772 27372 27871 28408 28989 29526 30126 30663 31162 31699 32375 32893 33430 33967 34485 35161 35679 36197 36715 37315 37852 39040
621 1157 1693 2229 2884 3400 3916 4551 5027 5642 6178 6674 7349 7885 8421 8917 9453 10128 10664 11200 11696 12232 12887 13423 13959 14495 15150 15666 16202 16718 17254 17909 18484 19020 19556 20092 20628 21144 21799 22374 22910 23446 23982 24518 25034 25669 26165 26820 27276 27911 28447 29022 29558 30153 30689 31185 31721 32257 32912 33448 33984 34500 35036 35691 36207 36723 37318 37854 38900
617 1152 1687 2361 2875 3389 3903 4535 5007 5618 6153 6785 7320 7855 8390 9022 9557 10092 10627 11162 11794 12329 12843 13378 13913 14587 15101 15615 16150 16803 17338 17852 18421 18956 19491 20026 20700 21214 21728 22297 22832 23367 24041 24576 25090 25583 26215 26729 27319 27812 28486 28916 29590 30041 30715 31208 31743 32278 32931 33466 34001 34515 35050 35703 36217 36731 37321 37856 39038
613 1147 1681 2354 2866 3378 4029 4519 5126 5594 6128 6757 7291 7825 8359 8988 9522 10056 10590 11124 11753 12287 12799 13472 14006 14540 15052 15703 16237 16749 17283 17795 18358 19031 19565 20099 20633 21145 21796 22359 22893 23427 23961 24495 25146 25636 26265 26777 27362 27852 28386 28949 29483 30068 30602 31231 31765 32299 32811 33484 34018 34530 35064 35715 36227 36739 37324 37858 39037
609 1142 1675 2347 2857 3367 4016 4503 5106 5570 6242 6729 7262 7795 8467 8954 9487 10020 10692 11225 11712 12245 12894 13427 13960 14493 15142 15652 16185 16695 17367 17877 18434 18967 19500 20033 20705 21215 21725 22282 22815 23487 24020 24553 25063 25689 26176 26825 27266 27892 28425 28982 29515 30095 30628 31254 31787 32320 32830 33363 34035 34545 35078 35588 36237 36747 37327 37860 39036
605 1137 1669 2340 2848 3356 4003 4487 5086 5685 6217 6701 7233 7904 8436 8920 9452 10123 10655 11187 11810 12342 12850 13382 13914 14585 15093 15601 16133 16780 17312 17820 18371 19042 19574 20106 20638 21146 21793 22344 22876 23408 23940 24472 25119 25603 26226 26734 27309 27932 28464 29015 29547 30122 30654 31138 31809 32341 32849 33381 34052 34560 35092 35600 36247 36755 37330 37862 38896
601 1132 1802 2333 2839 3345 3990 4471 5066 5661 6192 6673 7343 7874 8405 9025 9556 10087 10618 11149 11769 12300 12806 13476 14007 14538 15044 15689 16220 16726 17257 17902 18447 18978 19509 20040 20710 21216 21722 22267 22798 23468 23999 24530 25036 25656 26137 26782 27352 27833 28364 29048 29579 30149 30680 31161 31692 32362 32868 33399 33930 34575 35106 35612 36257 36763 37333 37864 38895
597 1127 1796 2326 2830 3473 3977 4455 5046 5637 6167 6784 7314 7844 8374 8991 9521 10051 10581 11250 11728 12258 12901 13431 13961 14491 15134 15638 16168 16811 17341 17845 18384 18914 19583 20113 20643 21147 21790 22329 22859 23389 23919 24588 25092 25709 26187 26691 27256 27873 28403 28942 29472 30037 30706 31184 31714 32383 32887 33417 33947 34590 35120 35624 36267 36771 37336 37866 39033
593 1122 1790 2319 2821 3462 3964 4578 5026 5613 6142 6756 7285 7814 8343 8957 9486 10015 10683 11212 11687 12355 12857 13386 13915 14583 15085 15587 16255 16757 17286 17927 18460 18989 19518 20047 20576 21217 21719 22252 22920 23449 23978 24507 25148 25623 26237 26739 27299 27913 28442 28975 29504 30064 30593 31207 31736 32265 32906 33435 33964 34605 35134 35636 36277 36779 37339 37868 39032
589 1117 1784 2312 2812 3451 3951 4562 5006 5589 6117 6728 7256 7784 8451 8923 9590 10118 10646 11174 11785 12313 12813 13480 14008 14536 15036 15675 16203 16703 17370 17870 18397 18925 19592 20120 20648 21148 21787 22314 22842 23370 24037 24565 25065 25676 26148 26787 27342 27814 28481 29008 29536 30091 30619 31230 31758 32286 32925 33453 33981 34481 35148 35648 36148 36787 37342 37870 38892
585 1112 1778 2305 2803 3440 3938 4546 5125 5565 6231 6700 7366 7893 8420 9028 9555 10082 10609 11136 11744 12271 12908 13435 13962 14489 15126 15624 16151 16788 17315 17813 18473 19000 19527 20054 20581 21218 21716 22376 22903 23430 23957 24484 25121 25590 26198 26696 27246 27854 28381 29041 29568 30118 30645 31253 31780 32307 32805 33471 33998 34496 35162 35660 36158 36795 37345 37872 38891
581 1246 1772 2298 2794 3429 3925 4530 5105 5680 6206 6672 7337 7863 8389 8994 9520 10046 10572 11237 11703 12368 12864 13390 13916 14581 15077 15573 16238 16734 17260 17895 18410 18936 19462 20127 20653 21149 21784 22299 22825 23490 24016 24542 25038 25643 26248 26744 27289 27894 28420 28935 29600 30145 30671 31137 31802 32328 32824 33489 34015 34511 35037 35672 36168 36803 37348 37874 38890
577 1241 1766 2291 2785 3418 3912 4514 5085 5656 6181 6783 7308 7833 8358 8960 9485 10010 10674 11199 11801 12326 12820 13345 14009 14534 15028 15661 16186 16680 17344 17838 18486 19011 19536 20061 20586 21219 21713 22361 22886 23411 23936 24600 25094 25696 26159 26792 27332 27934 28459 28968 29493 30033 30697 31160 31824 32349 32843 33368 34032 34526 35051 35684 36178 36811 37351 37876 38889
573 1236 1760 2284 2915 3407 3899 4498 5065 5632 6156 6755 7279 7803 8466 8926 9589 10113 10637 11161 11760 12284 12915 13439 13963 14487 15118 15610 16134 16765 17289 17920 18423 18947 19471 20134 20658 21150 21781 22284 22808 23471 23995 24519 25150 25610 26209 26701 27375 27835 28359 29001 29525 30060 30584 31183 31707 32370 32862 33386 34049 34541 35065 35696 36188 36819 37354 37878 39027
569 1231 1754 2277 2906 3396 4025 4482 5045 5608 6131 6727 7250 7912 8435 9031 9554 10077 10600 11123 11719 12242 12871 13394 13917 14579 15069 15698 16221 16711 17373 17863 18360 19022 19545 20068 20591 21220 21710 22346 22869 23392 23915 24577 25067 25663 26259 26749 27279 27875 28398 29034 29557 30087 30610 31206 31729 32252 32881 33404 33927 34556 35079 35708 36198 36827 37357 37880 39026
565 1226 1748 2270 2897 3385 4012 4466 5025 5584 6245 6699 7360 7882 8404 8997 9519 10041 10702 11224 11678 12339 12827 13349 14010 14532 15020 15647 16169 16796 17318 17806 18436 18958 19480 20141 20663 21151 21778 22269 22930 23452 23974 24496 25123 25577 26170 26797 27322 27915 28437 28928 29589 30114 30636 31229 31751 32273 32900 33422 33944 34571 35093 35720 36208 36696 37360 37882 38886
561 1221 1742 2263 2888 3374 3999 4450 5005 5560 6220 6810 7331 7852 8373 8963 9484 10144 10665 11186 11776 12297 12922 13443 13964 14485 15110 15596 16256 16742 17263 17888 18373 19033 19554 20075 20596 21221 21707 22331 22852 23373 24033 24554 25040 25630 26220 26706 27365 27816 28476 28961 29482 30141 30662 31252 31773 32294 32919 33440 33961 34586 35107 35593 36218 36704 37363 37884 38885
557 1216 1736 2256 2879 3363 3986 4573 5124 5675 6195 6782 7302 7822 8342 8929 9588 10108 10628 11148 11735 12255 12878 13398 13918 14577 15061 15684 16204 16688 17347 17831 18449 18969 19489 20148 20668 21152 21775 22254 22913 23433 23953 24473 25096 25683 26270 26754 27269 27856 28376 28994 29514 30029 30688 31136 31795 32315 32938 33458 33978 34601 35121 35605 36228 36712 37366 37886 38884
692 1211 1730 2249 2870 3352 3973 4557 5104 5651 6170 6754 7273 7792 8450 9034 9553 10072 10591 11249 11694 12352 12834 13353 14011 14530 15012 15633 16152 16773 17292 17913 18386 18905 19563 20082 20601 21222 21704 22316 22835 23354 24012 24531 25152 25597 26181 26802 27312 27896 28415 29027 29546 30056 30714 31159 31817 32336 32818 33476 33995 34477 35135 35617 36238 36720 37369 37888 38883
688 1206 1724 2242 2861 3341 3960 4541 5084 5627 6145 6726 7244 7901 8419 9000 9518 10036 10693 11211 11792 12310 12790 13447 13965 14483 15102 15582 16239 16719 17237 17856 18462 18980 19498 20016 20673 21153 21772 22378 22896 23414 23932 24589 25069 25650 26231 26711 27355 27936 28454 28921 29578 30083 30601 31182 31700 32357 32837 33494 34012 34492 35149 35629 36248 36728 37372 37890 38882
684 1201 1718 2235 2852 3469 3947 4525 5064 5603 6120 6698 7354 7871 8388 8966 9483 10139 10656 11173 11751 12268 12885 13402 13919 14575 15053 15670 16187 16804 17321 17799 18399 18916 19572 20089 20606 21223 21701 22301 22818 23474 23991 24508 25125 25703 26142 26759 27259 27837 28493 28954 29471 30110 30627 31205 31722 32378 32856 33373 34029 34507 35163 35641 36258 36736 37375 37892 39020
680 1196 1712 2228 2843 3458 3934 4509 5044 5579 6234 6809 7325 7841 8357 8932 9587 10103 10619 11135 11710 12365 12841 13357 14012 14528 15143 15619 16135 16750 17266 17881 18475 18991 19507 20023 20678 21154 21769 22363 22879 23395 23911 24566 25042 25617 26192 26807 27302 27877 28393 28987 29503 30137 30653 31228 31744 32260 32875 33391 34046 34522 35038 35653 36268 36744 37378 37894 39019
676 1191 1706 2360 2834 3447 3921 4493 5024 5694 6209 6781 7296 7811 8465 8898 9552 10067 10582 11236 11808 12323 12797 13451 13966 14481 15094 15568 16222 16696 17350 17824 18412 18927 19581 20096 20611 21224 21698 22286 22801 23455 23970 24485 25098 25670 26242 26716 27345 27917 28432 29020 29535 30025 30679 31251 31766 32281 32894 33409 33924 34537 35052 35665 36278 36752 37381 37896 38879
672 1186 1700 2353 2825 3436 3908 4477 5004 5670 6184 6753 7267 7920 8434 9003 9517 10031 10684 11198 11767 12281 12892 13406 13920 14573 15045 15656 16170 16781 17295 17906 18349 19002 19516 20030 20683 21155 21766 22348 22862 23376 24029 24543 25154 25584 26153 26764 27249 27818 28471 28914 29567 30052 30705 31274 31788 32302 32913 33427 33941 34552 35066 35677 36149 36760 37384 37898 38878
668 1181 1694 2346 2816 3425 3895 4461 5123 5646 6159 6725 7238 7890 8403 8969 9482 10134 10647 11160 11726 12239 12848 13361 14013 14526 15135 15605 16257 16727 17240 17849 18425 18938 19590 20103 20616 21225 21695 22271 22923 23436 23949 24601 25071 25637 26203 26812 27292 27858 28371 28947 29599 30079 30592 31158 31810 32323 32932 33445 33958 34567 35080 35689 36159 36768 37387 37900 39016
664 1176 1688 2339 2807 3414 4021 4584 5103 5622 6134 6697 7348 7860 8372 8935 9586 10098 10610 11122 11685 12336 12804 13455 13967 14479 15086 15693 16205 16812 17324 17792 18362 19013 19525 20037 20688 21156 21763 22333 22845 23357 24008 24520 25127 25690 26253 26721 27335 27898 28410 28980 29492 30106 30618 31181 31693 32344 32812 33463 33975 34582 35094 35701 36169 36776 37390 37902 38876
660 1171 1682 2332 2798 3403 4008 4568 5083 5598 6248 6808 7319 7830 8341 8901 9551 10062 10573 11223 11783 12294 12899 13410 13921 14571 15037 15642 16153 16758 17269 17874 18438 18949 19460 20110 20621 21226 21692 22256 22906 23417 23928 24578 25044 25604 26164 26769 27378 27938 28449 29013 29524 30133 30644 31204 31715 32365 32831 33481 33992 34597 35108 35713 36179 36784 37254 37904 38875
656 1166 1676 2325 2789 3392 3995 4552 5063 5574 6223 6780 7290 7800 8449 9006 9516 10026 10675 11185 11742 12252 12855 13365 14014 14524 15127 15591 16240 16704 17353 17817 18375 19024 19534 20044 20693 21157 21760 22318 22828 23477 23987 24497 25100 25657 26214 26817 27282 27839 28488 29046 29556 30160 30670 31227 31737 32386 32850 33360 34009 34473 35122 35586 36189 36792 37257 37906 38874
652 1161 1670 2318 2780 3381 3982 4536 5043 5689 6198 6752 7261 7909 8418 8972 9481 10129 10638 11147 11701 12349 12811 13459 13968 14477 15078 15679 16188 16789 17298 17899 18451 18960 19469 20117 20626 21227 21689 22241 22889 23398 24046 24555 25156 25710 26264 26726 27325 27879 28388 28940 29588 30048 30696 31250 31759 32268 32869 33378 34026 34488 35136 35598 36199 36800 37260 37908 38873
648 1156 1803 2311 2910 3370 3969 4520 5023 5665 6173 6724 7232 7879 8387 8938 9585 10093 10601 11248 11799 12307 12906 13414 13922 14569 15029 15628 16136 16735 17243 17842 18388 19035 19543 20051 20698 21158 21757 22303 22811 23458 23966 24474 25073 25624 26175 26774 27368 27919 28427 28973 29481 30075 30583 31273 31781 32289 32888 33396 34043 34503 35150 35610 36209 36808 37263 37910 39011
644 1151 1797 2304 2901 3359 3956 4504 5142 5641 6148 6696 7342 7849 8356 8904 9550 10057 10564 11210 11758 12265 12862 13369 14015 14522 15119 15577 16223 16681 17327 17924 18464 18971 19478 20124 20631 21228 21686 22365 22872 23379 24025 24532 25129 25677 26225 26822 27272 27820 28466 29006 29513 30102 30609 31157 31803 32310 32907 33414 33921 34518 35164 35622 36219 36816 37266 37912 38871
640 1146 1791 2297 2892 3348 3943 4488 5122 5617 6123 6807 7313 7819 8464 9009 9515 10021 10666 11172 11717 12362 12818 13463 13969 14475 15070 15665 16171 16766 17272 17867 18401 18907 19552 20058 20703 21159 21754 22288 22933 23439 23945 24590 25046 25591 26136 26731 27315 27860 28366 29039 29545 30129 30635 31180 31825 32331 32926 33432 33938 34533 35039 35634 36229 36824 37269 37914 39009
636 1141 1785 2290 2883 3337 3930 4472 5102 5593 6237 6779 7284 7789 8433 8975 9480 10124 10629 11134 11676 12320 12913 13418 13923 14567 15021 15614 16258 16712 17356 17810 18477 18982 19487 20131 20636 21229 21822 22350 22855 23360 24004 24509 25102 25644 26186 26779 27358 27900 28405 28933 29577 30156 30661 31203 31708 32352 32806 33450 33955 34548 35053 35646 36239 36832 37272 37916 38869
632 1136 1779 2283 2874 3465 3917 4456 5082 5569 6212 6751 7255 7898 8402 8941 9584 10088 10592 11235 11774 12278 12869 13373 14016 14520 15111 15702 16206 16797 17301 17892 18414 18918 19561 20065 20708 21160 21751 22273 22916 23420 23924 24567 25158 25697 26236 26688 27262 27801 28444 28966 29470 30044 30687 31226 31730 32373 32825 33468 33972 34563 35067 35658 36249 36701 37275 37918 38868
628 1131 1773 2276 2865 3454 3904 4579 5062 5684 6187 6723 7365 7868 8371 8907 9549 10052 10694 11197 11733 12236 12825 13467 13970 14473 15062 15651 16154 16743 17246 17835 18351 18993 19496 20138 20641 21230 21819 22335 22838 23480 23983 24486 25075 25611 26147 26736 27305 27841 28483 28999 29502 30071 30713 31249 31752 32255 32844 33486 33989 34578 35081 35670 36259 36709 37278 37920 39006
624 1126 1767 2269 2856 3443 4030 4563 5042 5660 6162 6695 7336 7838 8340 9012 9514 10016 10657 11159 11692 12333 12920 13422 13924 14565 15013 15600 16241 16689 17330 17917 18427 18929 19570 20072 20574 21161 21748 22258 22899 23401 24042 24544 25131 25664 26197 26784 27348 27881 28383 29032 29534 30098 30600 31272 31774 32276 32863 33365 34006 34593 35095 35682 36269 36717 37281 37922 38866
620 1121 1761 2262 2847 3432 4017 4547 5022 5636 6137 6806 7307 7808 8448 8978 9479 10119 10620 11121 11790 12291 12876 13377 14017 14518 15103 15688 16189 16774 17275 17860 18364 19004 19505 20145 20646 21231 21816 22320 22821 23461 23962 24602 25048 25578 26247 26693 27252 27921 28422 28926 29566 30125 30626 31156 31796 32297 32882 33383 34023 34608 35109 35694 36140 36725 37284 37924 38865
616 1116 1755 2255 2838 3421 4004 4531 5141 5612 6251 6778 7278 7917 8417 8944 9583 10083 10583 11222 11749 12249 12832 13471 13971 14471 15054 15637 16137 16720 17359 17803 18440 18940 19579 20079 20579 21162 21745 22243 22882 23382 24021 24521 25104 25631 26158 26741 27295 27822 28461 28959 29598 30152 30652 31179 31818 32318 32901 33401 34040 34484 35123 35706 36150 36733 37287 37926 39003
612 1250 1749 2248 2829 3410 3991 4515 5121 5588 6226 6750 7249 7887 8386 8910 9548 10047 10685 11184 11708 12346 12788 13426 13925 14563 15144 15586 16224 16805 17304 17885 18377 19015 19514 20152 20651 21232 21813 22305 22804 23442 23941 24579 25021 25684 26208 26789 27338 27862 28361 28992 29491 30040 30678 31202 31701 32339 32920 33419 33918 34499 35137 35718 36160 36741 37290 37928 38863
608 1245 1743 2241 2820 3399 3978 4499 5101 5564 6201 6722 7359 7857 8355 9015 9513 10011 10648 11146 11806 12304 12883 13381 14018 14516 15095 15674 16172 16751 17249 17828 18453 18951 19588 20086 20584 21163 21742 22367 22865 23363 24000 24498 25077 25598 26258 26698 27381 27902 28400 29025 29523 30067 30704 31225 31723 32360 32939 33437 33935 34514 35151 35591 36170 36749 37293 37930 39001
604 1240 1737 2234 2811 3388 3965 4483 5081 5679 6176 6694 7330 7827 8463 8981 9478 10114 10611 11247 11765 12262 12839 13475 13972 14469 15046 15623 16259 16697 17333 17910 18390 19026 19523 20020 20656 21233 21810 22290 22926 23423 23920 24556 25133 25651 26169 26746 27285 27803 28439 28919 29555 30094 30591 31248 31745 32381 32819 33455 33952 34529 35165 35603 36180 36757 37296 37932 39000
600 1235 1731 2227 2802 3377 3952 4467 5061 5655 6151 6805 7301 7797 8432 8947 9582 10078 10574 11209 11724 12359 12795 13430 13926 14561 15136 15572 16207 16782 17278 17853 18466 18962 19597 20093 20589 21164 21739 22352 22848 23483 23979 24475 25050 25704 26219 26794 27328 27843 28478 28952 29587 30121 30617 31271 31767 32263 32838 33473 33969 34544 35040 35615 36190 36765 37299 37934 38999
596 1230 1725 2359 2793 3366 3939 4451 5041 5631 6126 6777 7272 7906 8401 8913 9547 10042 10676 11171 11683 12317 12890 13385 14019 14514 15087 15660 16155 16728 17362 17796 18403 19037 19532 20027 20661 21234 21807 22275 22909 23404 24038 24533 25106 25618 26269 26703 27371 27883 28378 28985 29480 30148 30643 31155 31789 32284 32857 33491 33986 34559 35054 35627 36200 36773 37302 37936 38998
592 1225 1719 2352 2784 3355 3926 4574 5021 5607 6240 6749 7243 7876 8370 9018 9512 10145 10639 11133 11781 12275 12846 13479 13973 14467 15038 15609 16242 16813 17307 17878 18479 18973 19467 20100 20594 21165 21736 22337 22831 23464 23958 24591 25023 25671 26180 26751 27275 27923 28417 29018 29512 30036 30669 31178 31811 32305 32876 33370 34003 34574 35068 35639 36210 36781 37305 37938 38997
588 1220 1713 2345 2914 3344 3913 4558 5140 5583 6215 6721 7353 7846 8478 8984 9477 10109 10602 11234 11740 12233 12802 13434 13927 14559 15128 15697 16190 16759 17252 17821 18416 18909 19541 20034 20666 21235 21804 22260 22892 23385 24017 24510 25079 25585 26230 26799 27318 27824 28456 28912 29544 30063 30695 31201 31694 32326 32895 33388 34020 34589 35082 35651 36220 36789 37308 37940 38857
584 1215 1707 2338 2905 3472 3900 4542 5120 5698 6190 6693 7324 7816 8447 8950 9581 10073 10565 11196 11699 12330 12897 13389 14020 14512 15079 15646 16138 16705 17336 17903 18353 18984 19476 20107 20599 21166 21733 22322 22814 23445 23937 24568 25135 25638 26141 26708 27361 27864 28356 28945 29576 30090 30582 31224 31716 32347 32914 33406 34037 34604 35096 35663 36230 36797 37311 37942 38856
580 1210 1701 2331 2896 3461 4026 4526 5100 5674 6165 6804 7295 7786 8416 8916 9546 10037 10667 11158 11797 12288 12853 13344 13974 14465 15030 15595 16225 16790 17281 17846 18429 18920 19550 20041 20671 21236 21801 22245 22875 23366 23996 24487 25052 25691 26191 26756 27265 27904 28395 28978 29469 30117 30608 31247 31738 32368 32933 33424 34054 34480 35110 35675 36240 36805 37314 37944 38855
576 1205 1695 2324 2887 3450 4013 4510 5080 5650 6140 6776 7266 7895 8385 9021 9511 10140 10630 11120 11756 12246 12809 13438 13928 14557 15120 15683 16173 16736 17365 17928 18366 18995 19485 20114 20604 21167 21730 22307 22797 23426 23916 24545 25108 25605 26241 26804 27308 27805 28434 29011 29501 30144 30634 31270 31760 32250 32813 33442 33932 34495 35124 35687 36250 36813 37317 37946 38854
572 1200 1689 2317 2878 3439 4000 4494 5060 5626 6254 6748 7237 7865 8354 8987 9476 10104 10593 11221 11715 12343 12904 13393 14021 14510 15071 15632 16260 16682 17310 17871 18442 18931 19559 20048 20676 21237 21798 22369 22858 23486 23975 24464 25025 25658 26152 26713 27351 27845 28473 29044 29533 30032 30660 31154 31782 32271 32832 33460 33949 34510 35138 35699 36260 36821 37320 37809 38853
568 1195 1683 2310 2869 3428 3987 4478 5040 5602 6229 6720 7347 7835 8462 8953 9580 10068 10695 11183 11813 12301 12860 13348 13975 14463 15022 15581 16208 16767 17255 17814 18379 19006 19494 20121 20609 21168 21727 22292 22919 23407 24034 24522 25081 25711 26202 26761 27255 27885 28373 28938 29565 30059 30686 31177 31804 32292 32851 33478 33966 34525 35152 35711 36270 36829 37323 37811 38991
564 1190 1677 2303 2860 3417 3974 4462 5020 5578 6204 6692 7318 7805 8431 8919 9545 10032 10658 11145 11772 12259 12816 13442 13929 14555 15112 15669 16156 16713 17339 17896 18455 18942 19568 20055 20681 21238 21795 22354 22841 23467 23954 24580 25137 25625 26252 26809 27298 27925 28412 28971 29597 30086 30712 31200 31826 32313 32870 33496 33983 34540 35166 35584 36141 36698 37326 37813 38851
560 1185 1671 2296 2851 3406 3961 4585 5139 5693 6179 6803 7289 7914 8400 9024 9510 10135 10621 11246 11731 12356 12911 13397 14022 14508 15063 15618 16243 16798 17284 17839 18392 19017 19503 20128 20614 21169 21724 22277 22902 23388 24013 24499 25054 25678 26163 26718 27341 27826 28451 29004 29490 30113 30599 31223 31709 32334 32889 33375 34000 34555 35041 35596 36151 36706 37329 37815 38989
556 1180 1804 2289 2842 3395 3948 4569 5119 5669 6154 6775 7260 7884 8369 8990 9475 10099 10584 11208 11690 12314 12867 13352 13976 14461 15014 15706 16191 16744 17368 17921 18468 18953 19577 20062 20686 21239 21792 22339 22824 23448 23933 24557 25110 25592 26213 26766 27245 27866 28490 29037 29522 30140 30625 31246 31731 32355 32908 33393 34017 34570 35055 35608 36161 36714 37332 37817 38849
691 1175 1798 2282 2833 3384 3935 4553 5099 5645 6129 6747 7231 7854 8477 8956 9579 10063 10686 11170 11788 12272 12823 13446 13930 14553 15104 15655 16139 16690 17313 17864 18405 19028 19512 20135 20619 21170 21721 22262 22885 23369 23992 24476 25027 25645 26263 26814 27288 27906 28390 28931 29554 30028 30651 31269 31753 32376 32927 33411 34034 34585 35069 35620 36171 36722 37335 37819 38987
687 1170 1792 2275 2824 3373 3922 4537 5079 5621 6243 6719 7341 7824 8446 8922 9544 10027 10649 11132 11747 12369 12918 13401 14023 14506 15055 15604 16226 16775 17258 17807 18481 18964 19586 20069 20691 21240 21789 22324 22807 23429 23912 24534 25083 25698 26174 26723 27331 27807 28429 28964 29586 30055 30677 31153 31775 32258 32807 33429 34051 34600 35083 35632 36181 36730 37338 37821 38986
683 1165 1786 2268 2815 3362 3909 4521 5059 5597 6218 6691 7312 7794 8415 9027 9509 10130 10612 11233 11706 12327 12874 13356 13977 14459 15145 15692 16174 16721 17342 17889 18418 19039 19521 20142 20624 21171 21718 22247 22868 23489 23971 24592 25139 25612 26224 26771 27374 27847 28468 28997 29479 30082 30703 31176 31797 32279 32826 33447 33929 34476 35097 35644 36191 36738 37341 37823 38985
679 1160 1780 2261 2806 3351 3896 4505 5039 5573 6193 6802 7283 7903 8384 8993 9474 10094 10575 11195 11804 12285 12830 13450 13931 14551 15096 15641 16261 16806 17287 17832 18355 18975 19595 20076 20696 21241 21786 22309 22929 23410 24030 24511 25056 25665 26135 26819 27278 27887 28368 29030 29511 30109 30590 31199 31819 32300 32845 33465 33946 34491 35111 35656 36201 36746 37344 37825 38984
675 1155 1774 2254 2797 3340 4022 4489 5019 5688 6168 6774 7254 7873 8353 8959 9578 10058 10677 11157 11763 12243 12925 13405 14024 14504 15047 15590 16209 16752 17371 17914 18431 18911 19530 20149 20629 21172 21715 22371 22851 23470 23950 24569 25112 25579 26185 26728 27321 27927 28407 28924 29543 30136 30616 31222 31702 32321 32864 33483 33963 34506 35125 35668 36211 36754 37347 37827 38983
671 1150 1768 2247 2788 3468 4009 4473 5138 5664 6143 6746 7364 7843 8461 8925 9543 10022 10640 11258 11722 12340 12881 13360 13978 14457 15137 15678 16157 16698 17316 17857 18368 18986 19465 20083 20701 21242 21783 22294 22912 23391 24009 24488 25029 25632 26235 26776 27364 27828 28446 28957 29575 30024 30642 31245 31724 32342 32883 33362 33980 34521 35139 35680 36221 36762 37350 37829 38843
667 1145 1762 2240 2918 3457 3996 4457 5118 5640 6118 6718 7335 7813 8430 9030 9508 10125 10603 11220 11681 12298 12837 13454 13932 14549 15088 15627 16244 16783 17261 17800 18444 18922 19539 20017 20634 21173 21712 22356 22834 23451 23929 24546 25085 25685 26146 26824 27268 27868 28485 28990 29468 30051 30668 31268 31746 32363 32902 33380 33997 34536 35153 35692 36231 36770 37353 37831 38842
663 1140 1756 2233 2909 3446 3983 4580 5098 5616 6232 6690 7306 7922 8399 8996 9473 10089 10566 11182 11779 12256 12793 13409 14025 14502 15039 15576 16192 16729 17345 17882 18381 18997 19474 20090 20706 21243 21780 22279 22895 23372 23988 24465 25141 25599 26196 26733 27311 27908 28385 29023 29500 30078 30694 31152 31768 32384 32921 33398 34014 34551 35028 35704 36241 36778 37356 37833 38841
659 1135 1750 2226 2900 3435 3970 4564 5078 5592 6207 6801 7277 7892 8368 8962 9577 10053 10668 11144 11738 12353 12888 13364 13979 14594 15129 15664 16140 16814 17290 17825 18457 18933 19548 20024 20639 21174 21709 22341 22817 23432 23908 24523 25058 25652 26246 26781 27354 27809 28424 28917 29532 30105 30581 31175 31790 32266 32940 33416 34031 34566 35042 35716 36251 36786 37359 37835 38840
655 1130 1744 2358 2891 3424 3957 4548 5058 5568 6182 6773 7248 7862 8476 8928 9542 10017 10631 11245 11697 12311 12844 13458 13933 14547 15080 15613 16227 16760 17374 17907 18394 19008 19483 20097 20572 21244 21777 22264 22878 23353 23967 24581 25114 25705 26157 26690 27258 27849 28463 28950 29564 30132 30607 31198 31812 32287 32820 33434 34048 34581 35056 35589 36261 36794 37362 37837 38839
651 1125 1738 2351 2882 3413 3944 4532 5038 5683 6157 6745 7358 7832 8445 9033 9507 10120 10594 11207 11795 12269 12800 13413 14026 14500 15031 15701 16175 16706 17319 17850 18470 18944 19557 20031 20644 21175 21706 22326 22800 23413 24026 24500 25031 25619 26207 26738 27301 27889 28363 28983 29596 30159 30633 31221 31695 32308 32839 33452 33926 34596 35070 35601 36271 36802 37365 37839 38977
647 1120 1732 2344 2873 3402 3931 4516 5018 5659 6132 6717 7329 7802 8414 8999 9472 10084 10696 11169 11754 12366 12895 13368 13980 14592 15121 15650 16262 16791 17264 17793 18407 19019 19492 20104 20577 21245 21774 22249 22861 23473 23946 24558 25087 25672 26257 26786 27344 27929 28402 29016 29489 30047 30659 31244 31717 32329 32858 33470 33943 34472 35084 35613 36142 36810 37368 37841 38837
643 1115 1726 2337 2864 3391 3918 4500 5137 5635 6246 6689 7300 7911 8383 8965 9576 10048 10659 11131 11713 12324 12851 13462 13934 14545 15072 15599 16210 16737 17348 17875 18483 18955 19566 20038 20649 21176 21703 22311 22922 23394 24005 24477 25143 25586 26168 26695 27248 27830 28441 29049 29521 30074 30685 31267 31739 32350 32877 33488 33960 34487 35098 35625 36152 36818 37371 37843 38975
639 1249 1720 2330 2855 3380 3905 4484 5117 5611 6221 6800 7271 7881 8352 8931 9541 10012 10622 11232 11811 12282 12807 13417 14027 14498 15023 15687 16158 16683 17293 17818 18420 19030 19501 20111 20582 21246 21771 22373 22844 23454 23925 24535 25060 25639 26218 26743 27291 27870 28480 28943 29553 30101 30711 31151 31761 32371 32896 33367 33977 34502 35112 35637 36162 36826 37374 37845 38974
635 1244 1714 2323 2846 3369 3892 4468 5097 5587 6196 6772 7242 7851 8460 8897 9506 10115 10585 11194 11770 12240 12902 13372 13981 14590 15113 15636 16245 16768 17238 17900 18357 18966 19575 20045 20654 21177 21700 22296 22905 23375 23984 24593 25116 25692 26268 26791 27334 27910 28380 28976 29585 30128 30598 31174 31783 32253 32915 33385 33994 34517 35126 35649 36172 36834 37377 37847 38834
631 1239 1708 2316 2837 3358 4018 4452 5077 5563 6171 6744 7352 7821 8429 9002 9471 10079 10687 11156 11729 12337 12858 13466 13935 14543 15064 15585 16193 16714 17322 17843 18433 19041 19510 20118 20587 21247 21768 22358 22827 23435 24043 24512 25033 25606 26179 26700 27377 27811 28419 29009 29478 30155 30624 31197 31805 32274 32934 33403 34011 34532 35140 35661 36182 36703 37380 37849 38972
627 1234 1702 2309 2828 3347 4005 4575 5057 5678 6146 6716 7323 7791 8398 8968 9575 10043 10650 11257 11688 12295 12814 13421 14028 14496 15015 15673 16141 16799 17267 17925 18370 18977 19584 20052 20659 21178 21697 22281 22888 23356 23963 24570 25089 25659 26229 26748 27281 27851 28458 29042 29510 30043 30650 31220 31827 32295 32814 33421 34028 34547 35154 35673 36192 36711 37383 37851 38971
623 1229 1696 2302 2819 3336 3992 4559 5037 5654 6121 6688 7294 7900 8367 8934 9540 10146 10613 11219 11786 12253 12909 13376 13982 14588 15105 15622 16228 16745 17351 17868 18446 18913 19519 20125 20592 21248 21765 22343 22810 23416 24022 24489 25145 25712 26140 26796 27324 27891 28358 28936 29542 30070 30676 31243 31710 32316 32833 33439 34045 34562 35029 35685 36202 36719 37386 37853 38831
619 1224 1690 2295 2810 3464 3979 4543 5017 5630 6235 6799 7265 7870 8475 8900 9505 10110 10576 11181 11745 12350 12865 13470 13936 14541 15056 15571 16176 16691 17296 17811 18383 18988 19593 20059 20664 21179 21694 22266 22871 23476 23942 24547 25062 25626 26190 26705 27367 27931 28397 28969 29574 30097 30702 31266 31732 32337 32852 33457 33923 34577 35043 35697 36212 36727 37389 37855 38969
615 1219 1684 2288 2801 3453 3966 4527 5136 5606 6210 6771 7236 7840 8444 9005 9470 10074 10678 11143 11704 12308 12821 13425 14029 14494 15146 15659 16124 16776 17241 17893 18459 18924 19528 20132 20597 21249 21762 22328 22932 23397 24001 24466 25118 25679 26240 26753 27271 27832 28436 29002 29606 30124 30589 31150 31754 32358 32871 33475 33940 34592 35057 35709 36222 36735 37253 37857 38829
611 1214 1678 2281 2792 3442 3953 4511 5116 5582 6185 6743 7346 7810 8413 8971 9574 10038 10641 11244 11802 12266 12916 13380 13983 14586 15097 15608 16211 16722 17325 17836 18396 18999 19463 20066 20669 21180 21691 22251 22854 23457 23921 24524 25035 25593 26151 26801 27314 27872 28475 29035 29499 30151 30615 31173 31776 32379 32890 33493 33957 34607 35071 35721 36232 36743 37256 37859 38967
607 1209 1672 2274 2783 3431 3940 4495 5096 5697 6160 6715 7317 7919 8382 8937 9539 10141 10604 11206 11761 12363 12872 13474 13937 14539 15048 15696 16159 16807 17270 17918 18472 18935 19537 20139 20602 21250 21759 22313 22915 23378 23980 24582 25091 25646 26201 26710 27357 27912 28375 28929 29531 30039 30641 31196 31798 32261 32909 33372 33974 34483 35085 35594 36242 36751 37259 37861 38966
603 1204 1805 2267 2913 3420 3927 4479 5076 5673 6135 6687 7288 7889 8351 8903 9504 10105 10567 11168 11720 12321 12828 13429 14030 14492 15138 15645 16246 16753 17354 17861 18409 19010 19472 20073 20674 21181 21688 22375 22837 23438 24039 24501 25147 25699 26251 26758 27261 27813 28414 28962 29563 30066 30667 31219 31820 32282 32928 33390 33991 34498 35099 35606 36252 36759 37262 37863 38965
599 1199 1799 2260 2904 3409 3914 4463 5056 5649 6249 6798 7259 7859 8459 9008 9469 10069 10669 11130 11679 12279 12923 13384 13984 14584 15089 15594 16194 16699 17299 17804 18485 18946 19546 20146 20607 21251 21756 22298 22898 23359 23959 24559 25064 25613 26162 26806 27304 27853 28453 28995 29595 30093 30693 31242 31703 32303 32808 33408 34008 34513 35113 35618 36262 36767 37265 37865 38964
595 1194 1793 2253 2895 3398 3901 4586 5036 5625 6224 6770 7230 7829 8428 8974 9573 10033 10632 11231 11777 12237 12879 13478 13938 14537 15040 15682 16142 16784 17244 17886 18422 19021 19481 20080 20679 21182 21685 22360 22820 23419 24018 24478 25120 25666 26212 26715 27347 27893 28492 29028 29488 30120 30580 31265 31725 32324 32827 33426 34025 34528 35127 35630 36272 36775 37268 37867 38824
591 1189 1787 2246 2886 3387 4027 4570 5016 5601 6199 6742 7340 7799 8397 8940 9538 10136 10595 11193 11736 12334 12835 13433 14031 14490 15130 15631 16229 16730 17328 17829 18359 18957 19555 20153 20612 21252 21753 22283 22881 23479 23938 24536 25037 25580 26262 26763 27251 27933 28392 28922 29520 30147 30606 31149 31747 32345 32846 33444 34042 34543 35141 35642 36143 36783 37271 37869 38962
587 1184 1781 2239 2877 3376 4014 4554 5135 5577 6174 6714 7311 7908 8366 8906 9503 10100 10697 11155 11695 12292 12791 13388 13985 14582 15081 15580 16177 16815 17273 17911 18435 19032 19490 20087 20684 21183 21821 22345 22803 23400 23997 24594 25093 25633 26173 26811 27294 27834 28431 28955 29552 30035 30632 31172 31769 32366 32865 33462 33920 34558 35155 35654 36153 36791 37274 37871 38961
583 1179 1775 2232 2868 3365 4001 4538 5115 5692 6149 6686 7282 7878 8474 9011 9468 10064 10660 11256 11793 12250 12886 13482 13939 14535 15032 15668 16125 16761 17357 17854 18372 18968 19564 20021 20617 21253 21750 22268 22864 23460 23917 24513 25149 25686 26223 26720 27337 27874 28470 28988 29584 30062 30658 31195 31791 32248 32884 33480 33937 34573 35030 35666 36163 36799 37277 37873 38821
579 1174 1769 2225 2859 3354 3988 4522 5095 5668 6124 6797 7253 7848 8443 8977 9572 10028 10623 11218 11752 12347 12842 13437 14032 14488 15122 15617 16212 16707 17302 17797 18448 18904 19499 20094 20689 21184 21818 22330 22925 23381 23976 24571 25066 25600 26134 26768 27380 27914 28370 29021 29477 30089 30684 31218 31813 32269 32903 33498 33954 34588 35044 35678 36173 36807 37280 37875 38820
575 1169 1763 2357 2850 3343 3975 4506 5075 5644 6238 6769 7363 7818 8412 8943 9537 10131 10586 11180 11711 12305 12798 13392 13986 14580 15073 15705 16160 16792 17247 17879 18385 18979 19573 20028 20622 21254 21747 22253 22847 23441 24035 24490 25122 25653 26184 26816 27284 27815 28409 28915 29509 30116 30710 31241 31696 32290 32922 33377 33971 34603 35058 35690 36183 36815 37283 37877 38958
571 1164 1757 2350 2841 3471 3962 4490 5055 5620 6213 6741 7334 7788 8381 8909 9502 10095 10688 11142 11809 12263 12893 13347 13940 14533 15024 15654 16247 16738 17331 17822 18461 18915 19508 20101 20694 21185 21815 22315 22908 23362 23955 24548 25039 25706 26234 26725 27327 27855 28448 28948 29541 30143 30597 31264 31718 32311 32941 33395 33988 34479 35072 35702 36193 36823 37286 37879 38957
567 1159 1751 2343 2832 3460 3949 4474 5035 5596 6188 6713 7305 7897 8350 9014 9467 10059 10651 11243 11768 12360 12849 13441 14033 14486 15114 15603 16195 16684 17276 17904 18398 18990 19582 20035 20627 21255 21744 22377 22830 23422 24014 24467 25095 25620 26145 26773 27370 27895 28487 28981 29573 30031 30623 31148 31740 32332 32821 33413 34005 34494 35086 35714 36203 36831 37289 37881 38956
563 1154 1745 2336 2823 3449 3936 4458 5015 5572 6163 6685 7276 7867 8458 8980 9571 10023 10614 11205 11727 12318 12805 13396 13987 14578 15065 15691 16143 16769 17360 17847 18474 18926 19517 20108 20699 21186 21812 22300 22891 23482 23934 24525 25151 25673 26195 26821 27274 27935 28387 29014 29605 30058 30649 31171 31762 32353 32840 33431 34022 34509 35100 35587 36213 36700 37292 37883 38955
559 1149 1739 2329 2814 3438 3923 4581 5134 5687 6138 6796 7247 7837 8427 8946 9536 10126 10577 11167 11686 12276 12900 13351 13941 14531 15016 15640 16230 16715 17305 17929 18411 19001 19591 20042 20632 21256 21741 22362 22813 23403 23993 24583 25068 25587 26245 26730 27317 27836 28426 29047 29498 30085 30675 31194 31784 32374 32859 33449 34039 34524 35114 35599 36223 36708 37295 37885 38954
694 1144 1733 2322 2805 3427 3910 4565 5114 5663 6252 6768 7357 7807 8396 8912 9501 10090 10679 11129 11784 12234 12856 13445 14034 14484 15106 15589 16178 16800 17250 17872 18348 18937 19526 20115 20704 21187 21809 22285 22874 23463 23913 24502 25124 25640 26156 26778 27360 27876 28465 28941 29530 30112 30701 31217 31806 32256 32878 33467 33917 34539 35128 35611 36233 36716 37298 37887 38814
690 1139 1727 2315 2796 3416 3897 4549 5094 5639 6227 6740 7328 7916 8365 9017 9466 10054 10642 11230 11743 12331 12812 13400 13988 14576 15057 15677 16126 16746 17334 17815 18424 19012 19461 20049 20637 21257 21738 22347 22796 23384 23972 24560 25041 25693 26206 26826 27264 27916 28365 28974 29562 30139 30588 31240 31828 32277 32897 33485 33934 34554 35142 35623 36243 36724 37301 37889 38813
686 1134 1721 2308 2787 3405 4023 4533 5074 5615 6202 6712 7299 7886 8473 8983 9570 10018 10605 11192 11702 12289 12907 13355 13942 14529 15147 15626 16213 16692 17279 17897 18361 18948 19535 20122 20709 21188 21806 22270 22857 23444 24031 24479 25097 25607 26256 26735 27307 27817 28404 29007 29594 30027 30614 31263 31711 32298 32916 33364 33951 34569 35156 35635 36253 36732 37304 37891 38951
682 1129 1715 2301 2917 3394 4010 4517 5054 5591 6177 6684 7270 7856 8442 8949 9535 10121 10568 11154 11800 12247 12863 13449 14035 14482 15098 15575 16161 16777 17363 17840 18437 19023 19470 20056 20642 21258 21735 22332 22918 23365 23951 24537 25153 25660 26167 26783 27350 27857 28443 29040 29487 30054 30640 31147 31733 32319 32935 33382 33968 34584 35031 35647 36263 36740 37307 37893 38950
678 1124 1709 2294 2908 3383 3997 4501 5034 5567 6152 6795 7241 7826 8411 8915 9500 10085 10670 11255 11759 12344 12819 13404 13989 14574 15049 15663 16248 16723 17308 17922 18374 18959 19544 20129 20575 21189 21803 22255 22840 23425 24010 24595 25070 25713 26217 26692 27254 27897 28482 28934 29519 30081 30666 31170 31755 32340 32815 33400 33985 34599 35045 35659 36273 36748 37310 37895 38949
674 1119 1703 2287 2899 3372 3984 4485 5014 5682 6127 6767 7351 7796 8380 9020 9465 10049 10633 11217 11718 12302 12914 13359 13943 14527 15139 15612 16196 16808 17253 17865 18450 19034 19479 20063 20647 21259 21732 22317 22901 23485 23930 24514 25126 25627 26267 26740 27297 27937 28382 28967 29551 30108 30692 31193 31777 32361 32834 33418 34002 34475 35059 35671 36144 36756 37313 37897 38948
670 1114 1697 2280 2890 3361 3971 4469 5133 5658 6241 6739 7322 7905 8349 8986 9569 10013 10596 11179 11677 12260 12870 13453 14036 14480 15090 15700 16144 16754 17337 17808 18387 18970 19553 20136 20580 21190 21800 22240 22823 23406 23989 24572 25043 25680 26178 26788 27340 27838 28421 29000 29583 30135 30718 31216 31799 32382 32853 33436 34019 34490 35073 35683 36154 36764 37316 37899 38808
666 1248 1691 2273 2881 3350 3958 4453 5113 5634 6216 6711 7293 7875 8457 8952 9534 10116 10698 11141 11775 12357 12826 13408 13990 14572 15041 15649 16231 16700 17282 17890 18463 18906 19488 20070 20652 21260 21729 22302 22884 23466 23909 24491 25099 25594 26228 26697 27244 27878 28460 29033 29476 30162 30605 31239 31821 32264 32872 33454 34036 34505 35087 35695 36164 36772 37319 37901 38807
662 1243 1685 2266 2872 3339 3945 4576 5093 5610 6191 6683 7264 7845 8426 8918 9499 10080 10661 11242 11734 12315 12921 13363 13944 14525 15131 15598 16179 16785 17366 17833 18400 18981 19562 20143 20585 21191 21797 22364 22806 23387 23968 24549 25155 25647 26139 26745 27287 27918 28360 28927 29508 30050 30631 31262 31704 32285 32891 33472 34053 34520 35101 35707 36174 36780 37322 37903 38945
658 1238 1679 2259 2863 3467 3932 4560 5073 5586 6166 6794 7235 7815 8395 9023 9464 10044 10624 11204 11693 12273 12877 13457 14037 14478 15082 15686 16127 16731 17311 17915 18476 18917 19497 20077 20657 21261 21726 22287 22867 23447 24027 24468 25072 25700 26189 26793 27330 27819 28399 28960 29540 30077 30657 31146 31726 32306 32910 33490 33931 34535 35115 35719 36184 36788 37325 37905 38944
654 1233 1673 2252 2854 3456 3919 4544 5053 5562 6141 6766 7345 7785 8364 8989 9568 10008 10587 11166 11791 12370 12833 13412 13991 14570 15033 15635 16214 16816 17256 17858 18413 18992 19571 20150 20590 21192 21794 22349 22928 23368 23947 24526 25128 25614 26239 26702 27373 27859 28438 28993 29572 30104 30683 31169 31748 32327 32929 33369 33948 34550 35129 35592 36194 36796 37328 37907 38804
650 1228 1806 2245 2845 3445 3906 4528 5033 5677 6116 6738 7316 7894 8472 8955 9533 10111 10689 11128 11750 12328 12789 13367 13945 14523 15123 15584 16162 16762 17340 17801 18350 18928 19506 20084 20662 21262 21723 22272 22850 23428 24006 24584 25045 25667 26150 26750 27277 27899 28477 29026 29604 30131 30709 31192 31770 32348 32809 33387 33965 34565 35143 35604 36204 36804 37331 37909 38803
646 1223 1800 2238 2836 3434 3893 4512 5013 5653 6230 6710 7287 7864 8441 8921 9498 10075 10652 11229 11709 12286 12884 13461 14038 14476 15074 15672 16249 16708 17285 17883 18426 19003 19580 20018 20595 21193 21791 22334 22911 23488 23926 24503 25101 25581 26200 26798 27320 27800 28377 28920 29497 30158 30596 31215 31792 32369 32828 33405 33982 34580 35157 35616 36214 36812 37334 37911 38802
642 1218 1794 2231 2827 3423 4019 4496 5132 5629 6205 6682 7258 7834 8410 9026 9463 10039 10615 11191 11807 12244 12840 13416 13992 14568 15025 15621 16197 16793 17369 17826 18363 18939 19515 20091 20667 21263 21720 22257 22833 23409 23985 24561 25157 25634 26250 26707 27363 27840 28416 28953 29529 30046 30622 31238 31814 32251 32847 33423 33999 34595 35032 35628 36224 36820 37337 37913 38940
638 1213 1788 2224 2818 3412 4006 4480 5112 5605 6180 6793 7229 7804 8379 8992 9567 10142 10578 11153 11766 12341 12796 13371 13946 14521 15115 15570 16145 16739 17314 17908 18439 19014 19589 20025 20600 21194 21788 22319 22894 23469 24044 24480 25074 25687 26161 26755 27267 27880 28455 28986 29561 30073 30648 31261 31697 32272 32866 33441 34016 34610 35046 35640 36234 36828 37340 37915 38800
634 1208 1782 2356 2809 3401 3993 4464 5092 5581 6155 6765 7339 7913 8348 8958 9532 10106 10680 11254 11725 12299 12891 13465 13900 14474 15066 15658 16232 16685 17259 17851 18376 18950 19524 20098 20672 21264 21717 22242 22816 23390 23964 24538 25130 25601 26211 26803 27310 27920 28494 29019 29593 30100 30674 31145 31719 32293 32885 33459 34033 34486 35060 35652 36244 36697 37343 37917 38799
630 1203 1776 2349 2800 3390 3980 4448 5072 5696 6130 6737 7310 7883 8456 8924 9497 10070 10643 11216 11684 12257 12847 13420 13993 14566 15017 15607 16180 16770 17343 17794 18452 19025 19598 20032 20605 21195 21785 22304 22877 23450 24023 24596 25047 25654 26261 26712 27353 27821 28394 28913 29486 30127 30700 31168 31741 32314 32904 33477 34050 34501 35074 35664 36254 36705 37346 37919 38798
626 1198 1770 2342 2791 3379 3967 4571 5052 5672 6244 6709 7281 7853 8425 9029 9462 10034 10606 11178 11782 12354 12803 13375 13947 14519 15107 15695 16128 16716 17288 17876 18389 18961 19533 20105 20677 21265 21714 22366 22799 23371 23943 24515 25103 25707 26172 26760 27257 27861 28433 28946 29518 30154 30587 31191 31763 32335 32923 33495 33928 34516 35088 35676 36264 36713 37349 37921 38936
622 1193 1764 2335 2782 3368 3954 4555 5032 5648 6219 6681 7252 7823 8394 8995 9566 10137 10569 11140 11741 12312 12898 13469 13901 14472 15058 15644 16215 16801 17372 17819 18465 19036 19468 20039 20610 21196 21782 22289 22860 23431 24002 24573 25020 25621 26222 26808 27300 27901 28472 28979 29550 30042 30613 31214 31785 32356 32942 33374 33945 34531 35102 35688 36274 36721 37352 37923 38796
618 1188 1758 2328 2912 3357 3941 4539 5012 5624 6194 6792 7362 7793 8363 8961 9531 10101 10671 11241 11700 12270 12854 13424 13994 14564 15148 15593 16163 16747 17317 17901 18402 18972 19542 20112 20682 21266 21711 22351 22921 23352 23922 24492 25076 25674 26133 26717 27343 27802 28372 29012 29582 30069 30639 31237 31807 32377 32822 33392 33962 34546 35116 35700 36145 36729 37355 37925 38795
614 1183 1752 2321 2903 3346 3928 4523 5131 5600 6169 6764 7333 7902 8471 8927 9496 10065 10634 11203 11798 12367 12810 13379 13948 14517 15099 15681 16250 16693 17262 17844 18478 18908 19477 20046 20615 21197 21779 22274 22843 23412 23981 24550 25132 25588 26183 26765 27247 27842 28411 29045 29475 30096 30665 31260 31829 32259 32841 33410 33979 34561 35130 35712 36155 36737 37358 37927 38933
610 1178 1746 2314 2894 3474 3915 4507 5111 5576 6144 6736 7304 7872 8440 9032 9461 10029 10597 11165 11757 12325 12905 13473 13902 14470 15050 15630 16198 16778 17346 17926 18415 18983 19551 20119 20687 21128 21708 22336 22904 23472 24040 24469 25049 25641 26233 26813 27290 27882 28450 28939 29507 30123 30691 31144 31712 32280 32860 33428 33996 34576 35144 35585 36165 36745 37361 37929 38793
606 1173 1740 2307 2885 3463 3902 4491 5091 5691 6119 6708 7275 7842 8409 8998 9565 10132 10699 11127 11716 12283 12861 13428 13995 14562 15140 15579 16146 16724 17291 17869 18352 18919 19486 20053 20620 21198 21776 22259 22826 23393 23960 24527 25105 25694 26144 26722 27333 27922 28489 28972 29539 30150 30717 31167 31734 32301 32879 33446 34013 34591 35158 35597 36175 36753 37364 37931 38931
602 1168 1734 2300 2876 3452 4028 4475 5071 5667 6233 6680 7246 7812 8378 8964 9530 10096 10662 11228 11814 12241 12817 13383 13949 14515 15091 15667 16233 16809 17236 17812 18428 18994 19560 20126 20692 21129 21705 22321 22887 23453 24019 24585 25022 25608 26194 26770 27376 27823 28389 29005 29571 30038 30604 31190 31756 32322 32898 33464 34030 34606 35033 35609 36185 36761 37367 37933 38791
598 1163 1728 2293 2867 3441 4015 4459 5051 5643 6208 6791 7356 7921 8347 8930 9495 10060 10625 11190 11773 12338 12912 13477 13903 14468 15042 15616 16181 16755 17320 17894 18365 18930 19495 20060 20625 21199 21773 22244 22809 23374 23939 24504 25078 25661 26244 26818 27280 27863 28428 29038 29603 30065 30630 31213 31778 32343 32917 33482 34047 34482 35047 35621 36195 36769 37370 37935 38929
594 1158 1722 2286 2858 3430 4002 4582 5031 5619 6183 6763 7327 7891 8455 8896 9460 10024 10588 11152 11732 12296 12868 13432 13996 14560 15132 15704 16129 16701 17265 17837 18441 19005 19569 20133 20697 21130 21702 22306 22870 23434 23998 24562 25134 25714 26155 26727 27323 27903 28467 28932 29496 30092 30656 31236 31800 32364 32936 33361 33925 34497 35061 35633 36205 36777 37373 37937 38789
590 1153 1716 2279 2849 3419 3989 4566 5011 5595 6158 6735 7298 7861 8424 9001 9564 10127 10690 11253 11691 12254 12824 13387 13950 14513 15083 15653 16216 16786 17349 17919 18378 18941 19504 20067 20630 21200 21770 22368 22931 23355 23918 24481 25051 25628 26205 26775 27366 27804 28367 28965 29528 30119 30682 31259 31822 32385 32816 33379 33942 34512 35075 35645 36215 36785 37376 37939 38927
586 1148 1710 2272 2840 3408 3976 4550 5130 5571 6133 6707 7269 7831 8393 8967 9529 10091 10653 11215 11789 12351 12919 13481 13904 14466 15034 15602 16164 16732 17294 17862 18454 19016 19578 20140 20702 21131 21699 22291 22853 23415 23977 24539 25107 25681 26255 26823 27270 27844 28406 28998 29560 30146 30708 31143 31705 32267 32835 33397 33959 34527 35089 35657 36225 36793 37379 37941 38926
582 1143 1704 2265 2831 3397 3963 4534 5110 5686 6247 6679 7240 7801 8362 8933 9494 10055 10616 11177 11748 12309 12875 13436 13997 14558 15124 15690 16251 16817 17239 17805 18391 18952 19513 20074 20635 21201 21767 22353 22914 23475 24036 24597 25024 25595 26166 26732 27313 27884 28445 29031 29592 30034 30595 31166 31727 32288 32854 33415 33976 34542 35103 35669 36235 36801 37382 37943 38925
578 1138 1698 2258 2822 3386 3950 4518 5090 5662 6222 6790 7350 7910 8470 8899 9459 10019 10579 11139 11707 12267 12831 13391 13951 14511 15075 15639 16199 16763 17323 17887 18467 19027 19587 20147 20707 21132 21696 22276 22836 23396 23956 24516 25080 25648 26216 26780 27356 27924 28484 28925 29485 30061 30621 31189 31749 32309 32873 33433 33993 34557 35117 35681 36245 36809 37385 37945 38924
574 1133 1692 2251 2813 3375 3937 4502 5070 5638 6197 6762 7321 7880 8439 9004 9563 10122 10681 11240 11805 12364 12926 13346 13905 14464 15026 15588 16147 16709 17268 17830 18404 18963 19522 20081 20640 21202 21764 22338 22897 23456 24015 24574 25136 25701 26266 26689 27260 27825 28384 28958 29517 30088 30647 31212 31771 32330 32892 33451 34010 34572 35131 35693 36255 36817 37388 37808 38784
570 1128 1686 2244 2804 3364 3924 4486 5050 5614 6172 6734 7292 7850 8408 8970 9528 10086 10644 11202 11764 12322 12882 13440 13998 14556 15116 15676 16234 16794 17352 17912 18480 19038 19596 20154 20573 21133 21693 22261 22819 23377 23935 24493 25053 25615 26177 26737 27303 27865 28423 28991 29549 30115 30673 31235 31793 32351 32911 33469 34027 34587 35145 35705 36265 36825 37252 37810 38783
566 1123 1680 2237 2795 3353 3911 4470 5030 5590 6147 6706 7263 7820 8377 8936 9493 10050 10607 11164 11723 12280 12838 13395 13952 14509 15067 15625 16182 16740 17297 17855 18417 18974 19531 20088 20645 21203 21761 22323 22880 23437 23994 24551 25109 25668 26227 26785 27346 27905 28462 29024 29581 30142 30699 31258 31815 32372 32930 33487 34044 34602 35159 35717 36275 36833 37255 37812 38921
