51 154 257 360 463 566 669 772 875 978 1081 1184 1287 1390 1493 1596 1699 1802 1905 2008 2111 2214 2317 2420 2523 2626 2729 2832 2935 3038 3141 3244 3347 3450 3553 3656 3759 3862 3965 4068 4171 4274 4377 4480 4583 4686 4789 4892 4995 5098 5201
50 152 253 353 455 557 656 758 860 962 1064 1166 1268 1367 1468 1570 1671 1773 1875 1976 2078 2180 2281 2382 2482 2580 2680 2782 2986 3086 3188 3289 3391 3493 3595 3696 3798 3899 4000 4099 4198 4298 4399 4501 4603 4698 4800 4902 5001 5103 5204
49 150 249 346 447 548 643 744 845 946 1047 1148 1249 1344 1443 1647 1746 1847 1948 2047 2148 2249 2348 2447 2544 2637 2734 2835 2934 3031 3132 3231 3332 3433 3534 3633 3734 3833 3932 4027 4122 4322 4421 4522 4623 4710 4811 4912 5007 5108 5207
48 148 245 339 439 539 630 730 830 930 1030 1233 1333 1424 1521 1621 1718 1818 1918 2015 2115 2215 2312 2409 2503 2591 2685 2785 2985 3079 3179 3276 3376 3476 3576 3673 3773 3870 3967 4058 4149 4243 4340 4440 4540 4722 4822 4922 5013 5113 5210
47 146 241 332 431 530 720 819 918 1017 1116 1215 1314 1401 1496 1595 1690 1789 1888 1983 2082 2181 2276 2371 2565 2648 2739 2838 2933 3024 3123 3218 3317 3416 3515 3610 3709 3907 4002 4089 4176 4267 4362 4461 4560 4734 4833 4932 5019 5118 5213
46 144 237 325 423 521 707 805 903 1001 1099 1197 1295 1378 1471 1569 1662 1760 1858 2054 2152 2250 2343 2436 2524 2602 2690 2788 2984 3072 3170 3263 3361 3459 3557 3650 3748 3841 3934 4017 4203 4291 4384 4482 4580 4643 4741 4942 5025 5123 5216
45 142 233 318 415 615 694 791 888 985 1082 1179 1276 1355 1446 1646 1737 1834 1931 2022 2119 2216 2307 2398 2483 2659 2744 2841 2932 3017 3114 3205 3302 3399 3599 3690 3787 3878 3969 4048 4127 4315 4406 4503 4600 4655 4752 4849 5031 5128 5219
44 140 229 311 510 606 681 777 873 969 1065 1161 1257 1435 1524 1620 1709 1805 1901 1990 2086 2182 2271 2463 2545 2613 2695 2791 2983 3065 3161 3250 3346 3442 3538 3627 3723 3812 4004 4079 4154 4236 4428 4524 4620 4667 4763 4859 5037 5133 5222
43 138 225 407 502 597 668 763 858 953 1048 1143 1238 1412 1499 1594 1681 1776 1871 1958 2156 2251 2338 2425 2504 2670 2749 2844 2931 3010 3105 3295 3390 3485 3580 3667 3762 3849 3936 4110 4181 4260 4347 4442 4537 4679 4774 4869 5043 5138 5225
42 136 221 400 494 588 655 749 843 937 1031 1228 1322 1389 1474 1568 1653 1850 1944 2029 2123 2217 2302 2387 2566 2624 2700 2794 2982 3058 3152 3237 3331 3425 3519 3707 3801 3886 3971 4038 4208 4284 4369 4463 4557 4691 4785 4879 4946 5143 5228
41 134 217 393 486 579 642 735 828 1024 1117 1210 1303 1366 1449 1645 1728 1821 1914 1997 2090 2183 2266 2452 2525 2578 2754 2847 2930 3003 3096 3282 3375 3468 3561 3644 3737 3820 4006 4069 4132 4308 4391 4484 4577 4703 4796 4889 4952 5148 5231
40 132 213 386 478 570 629 721 916 1008 1100 1192 1284 1343 1527 1619 1700 1792 1884 1965 2160 2252 2333 2414 2484 2635 2705 2797 2981 3051 3143 3224 3316 3408 3603 3684 3776 3857 3938 4100 4159 4229 4413 4505 4597 4715 4807 4899 4958 5050 5234
39 130 209 379 470 561 719 810 901 992 1083 1174 1265 1423 1502 1593 1672 1763 1854 2036 2127 2218 2297 2376 2546 2589 2759 2850 2929 2996 3190 3269 3360 3451 3542 3621 3712 3894 3973 4028 4186 4253 4332 4526 4617 4727 4818 4909 4964 5055 5237
38 128 308 372 462 552 706 796 886 976 1066 1156 1246 1400 1477 1567 1747 1837 1927 2004 2094 2184 2364 2441 2505 2646 2710 2800 2980 3044 3134 3211 3301 3494 3584 3661 3751 3828 4008 4059 4213 4277 4354 4444 4534 4636 4829 4919 4970 5060 5240
37 126 304 365 454 543 693 782 871 960 1049 1138 1330 1377 1452 1644 1719 1808 1897 1972 2061 2253 2328 2403 2567 2600 2764 2853 2928 2989 3181 3256 3345 3434 3523 3701 3790 3865 3940 4090 4137 4301 4376 4465 4554 4648 4840 4929 4976 5065 5243
36 124 300 358 446 534 680 768 856 944 1032 1223 1311 1354 1530 1618 1691 1779 1867 2043 2131 2219 2292 2468 2526 2657 2715 2803 2979 3037 3125 3198 3389 3477 3565 3638 3726 3902 3975 4018 4164 4325 4398 4486 4574 4660 4748 4939 4982 5070 5246
35 122 296 351 438 525 667 754 841 928 1118 1205 1292 1434 1505 1592 1663 1853 1940 2011 2098 2185 2359 2430 2485 2611 2769 2856 2927 3085 3172 3243 3330 3417 3504 3678 3765 3836 4010 4049 4191 4246 4420 4507 4594 4672 4759 4846 4988 5075 5249
34 120 292 344 430 516 654 740 826 1015 1101 1187 1273 1411 1480 1566 1738 1824 1910 1979 2065 2254 2323 2392 2547 2668 2720 2806 2978 3030 3116 3288 3374 3460 3546 3615 3804 3873 3942 4080 4218 4270 4339 4528 4614 4684 4770 4856 4994 5080 5252
33 118 288 337 422 610 641 726 914 999 1084 1169 1254 1388 1455 1643 1710 1795 1880 2050 2135 2220 2287 2457 2506 2622 2774 2859 2926 3078 3163 3230 3315 3400 3588 3655 3740 3910 3977 4111 4142 4294 4361 4446 4634 4696 4781 4866 5000 5085 5152
32 116 284 330 414 601 628 815 899 983 1067 1151 1338 1365 1533 1617 1682 1766 1953 2018 2102 2186 2354 2419 2568 2576 2725 2809 2977 3023 3107 3275 3359 3443 3527 3695 3779 3844 4012 4039 4169 4318 4383 4467 4551 4708 4792 4876 5006 5090 5155
31 114 280 323 509 592 718 801 884 967 1050 1133 1319 1342 1508 1591 1654 1840 1923 1986 2069 2255 2318 2381 2527 2633 2779 2862 2925 3071 3154 3217 3300 3486 3569 3632 3715 3881 3944 4070 4196 4239 4405 4488 4571 4720 4803 4886 5012 5095 5158
30 112 276 316 501 583 705 787 869 951 1033 1218 1300 1422 1483 1565 1729 1811 1893 2057 2139 2221 2282 2446 2486 2587 2730 2812 2976 3016 3098 3262 3344 3426 3508 3672 3754 3815 3979 4101 4120 4263 4427 4509 4591 4732 4814 4896 5018 5100 5161
29 110 272 309 493 574 692 773 854 935 1119 1200 1281 1399 1458 1642 1701 1782 1863 2025 2106 2187 2349 2408 2548 2644 2681 2865 2924 3064 3145 3204 3388 3469 3550 3609 3793 3852 4014 4029 4147 4287 4346 4530 4611 4641 4825 4906 5024 5105 5164
28 108 268 405 485 565 679 759 839 1022 1102 1182 1262 1376 1536 1616 1673 1753 1936 1993 2073 2256 2313 2370 2507 2598 2735 2815 2975 3009 3192 3249 3329 3409 3592 3649 3729 3889 3946 4060 4174 4311 4368 4448 4631 4653 4836 4916 5030 5110 5167
27 106 264 398 477 556 666 745 824 1006 1085 1164 1243 1353 1511 1590 1748 1827 1906 1961 2143 2222 2277 2435 2569 2655 2686 2868 2923 3057 3136 3294 3373 3452 3531 3689 3768 3823 3981 4091 4201 4232 4390 4469 4548 4665 4744 4926 5036 5115 5170
26 104 260 391 469 547 653 731 912 990 1068 1146 1327 1433 1486 1564 1720 1798 1876 2032 2110 2188 2344 2397 2528 2609 2740 2818 2974 3002 3183 3236 3314 3495 3573 3626 3807 3860 4016 4019 4125 4256 4412 4490 4568 4677 4755 4936 5042 5120 5173
25 205 256 384 461 538 640 820 897 974 1051 1231 1308 1410 1461 1641 1692 1769 1949 2000 2077 2257 2308 2462 2487 2666 2691 2871 2922 3050 3127 3281 3358 3435 3512 3666 3743 3897 3948 4050 4152 4280 4331 4511 4588 4689 4766 4843 4945 5125 5176
24 203 252 377 453 529 627 806 882 958 1034 1213 1289 1387 1539 1615 1664 1843 1919 1968 2147 2223 2272 2424 2549 2620 2745 2821 2973 2995 3174 3223 3299 3478 3554 3706 3782 3831 3983 4081 4179 4304 4353 4429 4608 4701 4777 4853 4951 5130 5179
23 201 248 370 445 520 717 792 867 942 1120 1195 1270 1364 1514 1589 1739 1814 1889 2039 2114 2189 2339 2386 2508 2677 2696 2874 2921 3043 3118 3268 3343 3418 3596 3643 3718 3868 3915 4112 4206 4225 4375 4450 4628 4713 4788 4863 4957 5135 5182
22 199 244 363 437 614 704 778 852 1029 1103 1177 1251 1341 1489 1563 1711 1785 1859 2007 2081 2258 2303 2451 2570 2631 2750 2824 2972 2988 3165 3210 3387 3461 3535 3683 3757 3905 3950 4040 4130 4249 4397 4471 4545 4725 4799 4873 4963 5140 5185
21 197 240 356 429 605 691 764 837 1013 1086 1159 1335 1421 1464 1640 1683 1756 1932 1975 2151 2224 2267 2413 2529 2585 2701 2877 2920 3036 3109 3255 3328 3401 3577 3620 3796 3839 3985 4071 4157 4273 4419 4492 4565 4737 4810 4883 4969 5145 5188
20 195 236 349 421 596 678 750 925 997 1069 1141 1316 1398 1542 1614 1655 1830 1902 2046 2118 2190 2334 2375 2488 2642 2755 2827 2971 3084 3156 3197 3372 3444 3516 3660 3732 3876 3917 4102 4184 4297 4338 4513 4585 4646 4821 4893 4975 5047 5191
19 193 232 342 413 587 665 736 910 981 1052 1226 1297 1375 1517 1588 1730 1801 1872 2014 2085 2259 2298 2440 2550 2596 2706 2880 2919 3029 3100 3242 3313 3487 3558 3700 3771 3913 3952 4030 4211 4321 4360 4431 4605 4658 4832 4903 4981 5052 5194
18 191 228 335 508 578 652 722 895 965 1035 1208 1278 1352 1492 1562 1702 1772 1945 1982 2155 2225 2365 2402 2509 2653 2760 2830 2970 3077 3147 3287 3357 3427 3600 3637 3810 3847 3987 4061 4135 4242 4382 4452 4625 4670 4740 4913 4987 5057 5197
17 189 224 328 500 569 639 811 880 949 1121 1190 1259 1432 1467 1639 1674 1846 1915 2053 2122 2191 2329 2467 2571 2607 2711 2883 2918 3022 3091 3229 3298 3470 3539 3677 3746 3884 3919 4092 4162 4266 4404 4473 4542 4682 4751 4923 4993 5062 5200
16 187 220 321 492 560 626 797 865 933 1104 1172 1240 1409 1442 1613 1749 1817 1885 2021 2089 2260 2293 2429 2530 2664 2765 2833 2969 3070 3138 3274 3342 3410 3581 3614 3785 3818 3954 4020 4189 4290 4426 4494 4562 4694 4762 4933 4999 5067 5203
15 185 216 314 484 551 716 783 850 1020 1087 1154 1324 1386 1520 1587 1721 1788 1855 1989 2159 2226 2360 2391 2489 2618 2716 2783 2917 3015 3185 3216 3386 3453 3520 3654 3721 3855 3989 4051 4216 4314 4345 4515 4582 4706 4773 4943 5005 5072 5206
14 183 212 410 476 542 703 769 835 1004 1070 1136 1305 1363 1495 1561 1693 1759 1928 1957 2126 2192 2324 2456 2551 2675 2770 2836 2968 3063 3129 3261 3327 3496 3562 3694 3760 3892 3921 4082 4140 4235 4367 4433 4602 4718 4784 4850 5011 5077 5209
13 181 208 403 468 533 690 755 923 988 1053 1221 1286 1340 1470 1638 1665 1833 1898 2028 2093 2261 2288 2418 2510 2629 2721 2786 2916 3008 3176 3203 3371 3436 3604 3631 3799 3826 3956 4113 4167 4259 4389 4454 4622 4730 4795 4860 5017 5082 5212
12 179 307 396 460 524 677 741 908 972 1036 1203 1267 1420 1445 1612 1740 1804 1868 1996 2060 2227 2355 2380 2572 2583 2775 2839 2967 3056 3120 3248 3312 3479 3543 3671 3735 3863 3991 4041 4194 4283 4411 4475 4539 4639 4806 4870 5023 5087 5215
11 177 303 389 452 515 664 727 893 956 1122 1185 1248 1397 1523 1586 1712 1775 1941 1964 2130 2193 2319 2445 2531 2640 2726 2789 2915 3001 3167 3293 3356 3419 3585 3608 3774 3900 3923 4072 4221 4307 4330 4496 4559 4651 4817 4880 5029 5092 5218
10 175 299 382 444 609 651 816 878 940 1105 1167 1332 1374 1498 1560 1684 1849 1911 2035 2097 2262 2283 2407 2490 2594 2780 2842 2966 3049 3111 3235 3297 3462 3524 3648 3710 3834 3958 4103 4145 4228 4352 4517 4579 4663 4828 4890 5035 5097 5221
9 173 295 375 436 600 638 802 863 1027 1088 1149 1313 1351 1473 1637 1656 1820 1881 2003 2064 2228 2350 2369 2552 2651 2731 2792 2914 2994 3158 3280 3341 3402 3566 3688 3749 3871 3993 4031 4172 4252 4374 4435 4599 4675 4839 4900 5041 5102 5224
8 171 291 368 428 591 625 788 848 1011 1071 1234 1294 1431 1448 1611 1731 1791 1954 1971 2134 2194 2314 2434 2511 2605 2682 2845 2965 3042 3102 3222 3385 3445 3505 3625 3788 3908 3925 4062 4199 4276 4396 4456 4619 4687 4747 4910 4944 5107 5227
7 169 287 361 420 582 715 774 833 995 1054 1216 1275 1408 1526 1585 1703 1762 1924 2042 2101 2263 2278 2396 2573 2662 2736 2795 2913 2987 3149 3267 3326 3488 3547 3665 3724 3842 3960 4093 4123 4300 4418 4477 4536 4699 4758 4920 4950 5112 5230
6 167 283 354 412 573 702 760 921 979 1037 1198 1256 1385 1501 1559 1675 1836 1894 2010 2068 2229 2345 2461 2532 2616 2687 2848 2964 3035 3093 3209 3370 3428 3589 3705 3763 3879 3995 4021 4150 4324 4337 4498 4556 4711 4769 4930 4956 5117 5233
5 165 279 347 507 564 689 746 906 963 1123 1180 1237 1362 1476 1636 1750 1807 1864 1978 2138 2195 2309 2423 2491 2673 2741 2798 2912 3083 3140 3254 3311 3471 3528 3642 3802 3813 3927 4052 4177 4245 4359 4519 4576 4723 4780 4940 4962 5122 5236
4 163 275 340 499 555 676 732 891 947 1106 1162 1321 1339 1451 1610 1722 1778 1937 2049 2105 2264 2273 2385 2553 2627 2692 2851 2963 3028 3187 3196 3355 3411 3570 3682 3738 3850 3962 4083 4204 4269 4381 4437 4596 4735 4791 4847 4968 5127 5239
3 161 271 333 491 546 663 821 876 931 1089 1144 1302 1419 1529 1584 1694 1852 1907 2017 2072 2230 2340 2450 2512 2581 2746 2801 2911 3076 3131 3241 3296 3454 3509 3619 3777 3887 3997 4114 4128 4293 4403 4458 4616 4644 4802 4857 4974 5132 5242
2 159 267 326 483 537 650 807 861 1018 1072 1229 1283 1396 1504 1558 1666 1823 1877 1985 2142 2196 2304 2412 2574 2638 2697 2854 2962 3021 3178 3286 3340 3497 3551 3659 3713 3821 3929 4042 4155 4317 4425 4479 4533 4656 4813 4867 4980 5137 5245
1 157 263 319 475 528 637 793 846 1002 1055 1211 1264 1373 1479 1635 1741 1794 1950 2056 2109 2265 2268 2374 2533 2592 2751 2804 2910 3069 3122 3228 3384 3437 3593 3699 3752 3858 3964 4073 4182 4238 4344 4500 4553 4668 4824 4877 4986 5142 5248
0 155 259 312 467 519 624 779 831 986 1038 1193 1245 1350 1454 1609 1713 1765 1920 2024 2076 2231 2335 2439 2492 2649 2702 2857 2961 3014 3169 3273 3325 3480 3532 3636 3791 3895 3999 4104 4209 4262 4366 4521 4573 4680 4835 4887 4992 5147 5251
102 153 255 408 459 613 714 765 919 970 1124 1175 1329 1430 1532 1583 1685 1839 1890 1992 2146 2197 2299 2401 2554 2603 2756 2807 2909 3062 3113 3215 3369 3420 3574 3676 3727 3829 3931 4032 4133 4286 4388 4439 4593 4692 4743 4897 4998 5049 5151
101 151 251 401 451 604 701 751 904 954 1107 1157 1310 1407 1507 1557 1657 1810 1860 1960 2113 2163 2366 2466 2513 2660 2707 2860 2960 3007 3160 3260 3310 3463 3513 3613 3766 3866 3966 4063 4160 4310 4410 4460 4613 4704 4754 4907 5004 5054 5154
100 149 247 394 443 595 688 737 889 938 1090 1139 1291 1384 1482 1634 1732 1781 1933 2031 2080 2232 2330 2428 2472 2614 2761 2810 2908 3055 3104 3202 3354 3403 3555 3653 3805 3903 4001 4094 4187 4231 4329 4481 4633 4716 4765 4917 5010 5059 5157
99 147 243 387 435 586 675 723 874 1025 1073 1224 1272 1361 1457 1608 1704 1752 1903 1999 2150 2198 2294 2390 2534 2671 2712 2863 2959 3000 3151 3247 3398 3446 3597 3693 3741 3837 3933 4022 4214 4255 4351 4502 4550 4728 4776 4927 5016 5064 5160
98 145 239 380 427 577 662 812 859 1009 1056 1206 1253 1441 1535 1582 1676 1826 1873 1967 2117 2164 2361 2455 2493 2625 2766 2813 2907 3048 3095 3292 3339 3489 3536 3630 3780 3874 3968 4053 4138 4279 4373 4523 4570 4637 4787 4937 5022 5069 5163
97 143 235 373 419 568 649 798 844 993 1039 1188 1337 1418 1510 1556 1648 1797 1946 2038 2084 2233 2325 2417 2555 2579 2717 2866 2958 2993 3142 3234 3383 3429 3578 3670 3716 3911 4003 4084 4165 4303 4395 4441 4590 4649 4798 4844 5028 5074 5166
96 141 231 366 514 559 636 784 829 977 1125 1170 1318 1395 1485 1633 1723 1768 1916 2006 2154 2199 2289 2379 2514 2636 2771 2816 2906 3041 3189 3279 3324 3472 3517 3607 3755 3845 3935 4115 4192 4224 4417 4462 4610 4661 4809 4854 5034 5079 5169
95 139 227 359 506 550 623 770 917 961 1108 1152 1299 1372 1460 1607 1695 1842 1886 1974 2121 2165 2356 2444 2473 2590 2722 2869 2957 3089 3133 3221 3368 3412 3559 3647 3794 3882 3970 4043 4219 4248 4336 4483 4630 4673 4820 4864 5040 5084 5172
94 137 223 352 498 541 713 756 902 945 1091 1134 1280 1349 1538 1581 1667 1813 1856 2045 2088 2234 2320 2406 2535 2647 2776 2819 2905 3034 3180 3266 3309 3455 3601 3687 3730 3816 4005 4074 4143 4272 4358 4504 4547 4685 4831 4874 5046 5089 5175
93 135 219 345 490 532 700 742 887 929 1074 1219 1261 1429 1513 1555 1742 1784 1929 2013 2158 2200 2284 2471 2494 2601 2727 2872 2956 3082 3124 3208 3353 3498 3540 3624 3769 3853 3937 4105 4170 4296 4380 4525 4567 4697 4739 4884 4949 5094 5178
92 133 215 338 482 523 687 728 872 1016 1057 1201 1242 1406 1488 1632 1714 1755 1899 1981 2125 2166 2351 2433 2556 2658 2678 2822 2904 3027 3171 3253 3397 3438 3582 3664 3808 3890 3972 4033 4197 4320 4402 4443 4587 4709 4750 4894 4955 5099 5181
91 131 211 331 474 617 674 817 857 1000 1040 1183 1326 1383 1463 1606 1686 1829 1869 2052 2092 2235 2315 2395 2515 2612 2732 2875 2955 3075 3115 3195 3338 3481 3521 3704 3744 3824 4007 4064 4121 4241 4424 4464 4607 4721 4761 4904 4961 5104 5184
90 129 207 324 466 608 661 803 842 984 1126 1165 1307 1360 1541 1580 1658 1800 1942 2020 2162 2201 2279 2460 2474 2669 2683 2825 2903 3020 3162 3240 3382 3421 3563 3641 3783 3861 3939 4095 4148 4265 4343 4485 4627 4733 4772 4914 4967 5109 5187
89 127 306 317 458 599 648 789 827 968 1109 1147 1288 1440 1516 1554 1733 1771 1912 1988 2129 2167 2346 2422 2536 2623 2737 2878 2954 3068 3106 3285 3323 3464 3502 3681 3719 3898 3974 4023 4175 4289 4365 4506 4544 4642 4783 4924 4973 5114 5190
88 125 302 310 450 590 635 775 915 952 1092 1232 1269 1417 1491 1631 1705 1845 1882 2059 2096 2236 2310 2384 2495 2577 2688 2828 2902 3013 3153 3227 3367 3404 3544 3618 3758 3832 4009 4054 4202 4313 4387 4527 4564 4654 4794 4934 4979 5119 5193
87 123 298 406 442 581 622 761 900 936 1075 1214 1250 1394 1466 1605 1677 1816 1955 2027 2063 2202 2274 2449 2557 2634 2742 2881 2953 3061 3097 3272 3308 3447 3586 3658 3797 3869 3941 4085 4126 4234 4409 4445 4584 4666 4805 4841 4985 5124 5196
86 121 294 399 434 572 712 747 885 1023 1058 1196 1334 1371 1544 1579 1649 1787 1925 1995 2133 2168 2341 2411 2516 2588 2693 2831 2901 3006 3144 3214 3352 3490 3525 3698 3733 3906 3976 4116 4153 4258 4328 4466 4604 4678 4816 4851 4991 5129 5199
85 119 290 392 426 563 699 733 870 1007 1041 1178 1315 1348 1519 1553 1724 1758 1895 1963 2100 2237 2305 2373 2475 2645 2747 2781 2952 3054 3191 3259 3396 3430 3567 3635 3772 3840 4011 4044 4180 4282 4350 4487 4624 4690 4827 4861 4997 5134 5202
84 117 286 385 418 554 686 822 855 991 1127 1160 1296 1428 1494 1630 1696 1832 1865 2034 2067 2203 2269 2438 2537 2599 2698 2834 2900 2999 3135 3201 3337 3473 3506 3675 3708 3877 3943 4075 4207 4306 4372 4508 4541 4702 4838 4871 5003 5139 5205
83 115 282 378 513 545 673 808 840 975 1110 1142 1277 1405 1469 1604 1668 1803 1938 2002 2137 2169 2336 2400 2496 2656 2752 2784 2951 3047 3182 3246 3381 3413 3548 3612 3747 3811 3978 4106 4131 4227 4394 4529 4561 4714 4746 4881 5009 5144 5208
82 113 278 371 505 536 660 794 825 959 1093 1227 1258 1382 1444 1578 1743 1774 1908 1970 2104 2238 2300 2465 2558 2610 2703 2837 2899 2992 3126 3291 3322 3456 3590 3652 3786 3848 4013 4034 4158 4251 4416 4447 4581 4726 4757 4891 5015 5149 5211
81 111 274 364 497 527 647 780 913 943 1076 1209 1239 1359 1522 1552 1715 1848 1878 2041 2071 2204 2367 2427 2517 2667 2757 2787 2950 3040 3173 3233 3366 3499 3529 3692 3722 3885 3945 4065 4185 4275 4335 4468 4601 4635 4768 4901 5021 5051 5214
80 109 270 357 489 518 634 766 898 927 1059 1191 1323 1439 1497 1629 1687 1819 1951 2009 2141 2170 2331 2389 2476 2621 2708 2840 2898 3088 3117 3278 3307 3439 3571 3629 3761 3819 3980 4096 4212 4299 4357 4489 4621 4647 4779 4911 5027 5056 5217
79 107 266 350 481 612 621 752 883 1014 1042 1173 1304 1416 1472 1603 1659 1790 1921 1977 2108 2239 2295 2454 2538 2575 2762 2790 2949 3033 3164 3220 3351 3482 3510 3669 3800 3856 4015 4024 4136 4323 4379 4510 4538 4659 4790 4921 5033 5061 5220
78 105 262 343 473 603 711 738 868 998 1128 1155 1285 1393 1447 1577 1734 1761 1891 2048 2075 2205 2362 2416 2497 2632 2713 2843 2897 3081 3108 3265 3395 3422 3552 3606 3736 3893 3947 4055 4163 4244 4401 4531 4558 4671 4801 4931 5039 5066 5223
77 103 258 336 465 594 698 724 853 982 1111 1137 1266 1370 1525 1551 1706 1835 1861 2016 2145 2171 2326 2378 2559 2586 2767 2793 2948 3026 3155 3207 3336 3465 3594 3646 3775 3827 3982 4086 4190 4268 4423 4449 4578 4683 4812 4941 5045 5071 5226
76 204 254 329 457 585 685 813 838 966 1094 1222 1247 1347 1500 1628 1678 1806 1934 1984 2112 2240 2290 2443 2518 2643 2718 2846 2896 3074 3099 3252 3380 3405 3533 3686 3711 3864 3914 4117 4217 4292 4342 4470 4598 4695 4823 4848 4948 5076 5229
75 202 250 322 449 576 672 799 926 950 1077 1204 1331 1427 1475 1602 1650 1777 1904 2055 2079 2206 2357 2405 2477 2597 2772 2796 2947 3019 3146 3194 3321 3448 3575 3623 3750 3901 3949 4045 4141 4316 4364 4491 4618 4707 4834 4858 4954 5081 5232
74 200 246 315 441 567 659 785 911 934 1060 1186 1312 1404 1450 1576 1725 1851 1874 2023 2149 2172 2321 2470 2539 2654 2723 2849 2895 3067 3090 3239 3365 3491 3514 3663 3789 3835 3984 4076 4168 4237 4386 4512 4535 4719 4742 4868 4960 5086 5235
73 198 242 411 433 558 646 771 896 1021 1043 1168 1293 1381 1528 1550 1697 1822 1947 1991 2116 2241 2285 2432 2498 2608 2777 2799 2946 3012 3137 3284 3306 3431 3556 3703 3725 3872 3916 4107 4195 4261 4408 4430 4555 4731 4753 4878 4966 5091 5238
72 196 238 404 425 549 633 757 881 1005 1129 1150 1274 1358 1503 1627 1669 1793 1917 1959 2083 2207 2352 2394 2560 2665 2728 2852 2894 3060 3184 3226 3350 3474 3598 3640 3764 3909 3951 4035 4222 4285 4327 4451 4575 4640 4764 4888 4972 5096 5241
71 194 234 397 417 540 620 743 866 989 1112 1235 1255 1438 1478 1601 1744 1764 1887 2030 2153 2173 2316 2459 2519 2619 2679 2802 2945 3005 3128 3271 3394 3414 3537 3680 3803 3843 3986 4066 4146 4309 4349 4472 4595 4652 4775 4898 4978 5101 5244
70 192 230 390 512 531 710 729 851 973 1095 1217 1236 1415 1453 1575 1716 1838 1857 1998 2120 2242 2280 2421 2478 2676 2733 2855 2893 3053 3175 3213 3335 3457 3579 3617 3739 3880 3918 4097 4173 4230 4371 4493 4615 4664 4786 4908 4984 5106 5247
69 190 226 383 504 522 697 818 836 957 1078 1199 1320 1392 1531 1549 1688 1809 1930 1966 2087 2208 2347 2383 2540 2630 2684 2805 2944 2998 3119 3258 3379 3500 3518 3657 3778 3814 3953 4025 4200 4254 4393 4514 4532 4676 4797 4918 4990 5111 5250
68 188 222 376 496 616 684 804 924 941 1061 1181 1301 1369 1506 1626 1660 1780 1900 2037 2157 2174 2311 2448 2499 2584 2738 2858 2892 3046 3166 3200 3320 3440 3560 3697 3714 3851 3988 4056 4124 4278 4415 4432 4552 4688 4808 4928 4996 5116 5150
67 186 218 369 488 607 671 790 909 1028 1044 1163 1282 1346 1481 1600 1735 1751 1870 2005 2124 2243 2275 2410 2561 2641 2689 2808 2943 2991 3110 3245 3364 3483 3602 3634 3753 3888 3920 4087 4151 4302 4334 4453 4572 4700 4819 4938 5002 5121 5153
66 184 214 362 480 598 658 776 894 1012 1130 1145 1263 1426 1456 1574 1707 1825 1943 1973 2091 2209 2342 2372 2520 2595 2743 2861 2891 3039 3157 3290 3305 3423 3541 3674 3792 3822 3955 4118 4178 4223 4356 4474 4592 4712 4830 4845 5008 5126 5156
65 182 210 355 472 589 645 762 879 996 1113 1230 1244 1403 1534 1548 1679 1796 1913 2044 2161 2175 2306 2437 2479 2652 2694 2811 2942 3087 3101 3232 3349 3466 3583 3611 3728 3859 3990 4046 4205 4247 4378 4495 4612 4724 4738 4855 5014 5131 5159
64 180 206 348 464 580 632 748 864 980 1096 1212 1328 1380 1509 1625 1651 1767 1883 2012 2128 2244 2270 2399 2541 2606 2748 2864 2890 3032 3148 3277 3393 3406 3522 3651 3767 3896 3922 4077 4129 4271 4400 4516 4632 4736 4749 4865 5020 5136 5162
63 178 305 341 456 571 619 734 849 964 1079 1194 1309 1357 1484 1599 1726 1841 1956 1980 2095 2210 2337 2464 2500 2663 2699 2814 2941 3080 3092 3219 3334 3449 3564 3691 3806 3830 3957 4108 4156 4295 4422 4434 4549 4645 4760 4875 5026 5141 5165
62 176 301 334 448 562 709 823 834 948 1062 1176 1290 1437 1459 1573 1698 1812 1926 2051 2062 2176 2301 2426 2562 2617 2753 2867 2889 3025 3139 3264 3378 3492 3503 3628 3742 3867 3992 4036 4183 4319 4341 4455 4569 4657 4771 4885 5032 5146 5168
61 174 297 327 440 553 696 809 922 932 1045 1158 1271 1414 1537 1547 1670 1783 1896 2019 2132 2245 2368 2388 2521 2674 2704 2817 2940 3073 3186 3206 3319 3432 3545 3668 3781 3904 3924 4067 4210 4240 4363 4476 4589 4669 4782 4895 5038 5048 5171
60 172 293 320 432 544 683 795 907 1019 1131 1140 1252 1391 1512 1624 1745 1754 1866 1987 2099 2211 2332 2453 2480 2628 2758 2870 2888 3018 3130 3251 3363 3475 3587 3605 3717 3838 3959 4098 4134 4264 4385 4497 4609 4681 4793 4905 5044 5053 5174
59 170 289 313 424 535 670 781 892 1003 1114 1225 1336 1368 1487 1598 1717 1828 1939 2058 2066 2177 2296 2415 2542 2582 2709 2820 2939 3066 3177 3193 3304 3415 3526 3645 3756 3875 3994 4026 4161 4288 4407 4518 4629 4693 4804 4915 4947 5058 5177
58 168 285 409 416 526 657 767 877 987 1097 1207 1317 1345 1462 1572 1689 1799 1909 2026 2136 2246 2363 2377 2501 2639 2763 2873 2887 3011 3121 3238 3348 3458 3568 3685 3795 3912 3926 4057 4188 4312 4326 4436 4546 4705 4815 4925 4953 5063 5180
57 166 281 402 511 517 644 753 862 971 1080 1189 1298 1425 1540 1546 1661 1770 1879 1994 2103 2212 2327 2442 2563 2593 2714 2823 2938 3059 3168 3283 3392 3501 3507 3622 3731 3846 3961 4088 4215 4233 4348 4457 4566 4717 4826 4935 4959 5068 5183
56 164 277 395 503 611 631 739 847 955 1063 1171 1279 1402 1515 1623 1736 1844 1952 1962 2070 2178 2291 2404 2522 2650 2768 2876 2886 3004 3112 3225 3333 3441 3549 3662 3770 3883 3996 4119 4139 4257 4370 4478 4586 4729 4837 4842 4965 5073 5186
55 162 273 388 495 602 618 725 832 939 1046 1153 1260 1379 1490 1597 1708 1815 1922 2033 2140 2247 2358 2469 2481 2604 2719 2826 2937 3052 3159 3270 3377 3484 3591 3702 3809 3817 3928 4047 4166 4281 4392 4499 4606 4638 4745 4852 4971 5078 5189
54 160 269 381 487 593 708 814 920 1026 1132 1135 1241 1356 1465 1571 1680 1786 1892 2001 2107 2213 2322 2431 2543 2661 2773 2879 2885 2997 3103 3212 3318 3424 3530 3639 3745 3854 3963 4078 4193 4305 4414 4520 4626 4650 4756 4862 4977 5083 5192
53 158 265 374 479 584 695 800 905 1010 1115 1220 1325 1436 1543 1545 1652 1757 1862 1969 2074 2179 2286 2393 2502 2615 2724 2829 2936 3045 3150 3257 3362 3467 3572 3679 3784 3891 3998 4109 4220 4226 4333 4438 4543 4662 4767 4872 4983 5088 5195
52 156 261 367 471 575 682 786 890 994 1098 1202 1306 1413 1518 1622 1727 1831 1935 2040 2144 2248 2353 2458 2564 2672 2778 2882 2884 2990 3094 3199 3303 3407 3511 3616 3720 3825 3930 4037 4144 4250 4355 4459 4563 4674 4778 4882 4989 5093 5198
