35 106 177 248 319 390 461 532 603 674 745 816 887 958 1029 1100 1171 1242 1313 1384 1455 1526 1597 1668 1739 1810 1881 1952 2023 2094 2165 2236 2307 2378 2449
34 104 174 244 314 384 453 523 593 662 730 800 869 939 1009 1076 1146 1215 1284 1354 1423 1561 1631 1701 1770 1838 1907 1975 2045 2115 2182 2250 2320 2389 2456
33 102 171 240 309 378 445 514 583 650 715 784 922 991 1060 1123 1192 1259 1326 1395 1462 1525 1594 1663 1730 1795 1862 1927 1996 2065 2199 2264 2333 2400 2463
32 100 168 236 304 372 437 505 573 709 771 839 904 972 1040 1099 1167 1232 1297 1365 1430 1560 1628 1696 1761 1823 1888 1950 2018 2086 2145 2207 2275 2411 2470
31 98 165 232 299 366 429 567 634 697 756 823 886 953 1020 1075 1142 1276 1339 1406 1469 1524 1591 1658 1721 1780 1914 1973 2040 2107 2162 2221 2288 2351 2477
30 96 162 228 294 360 492 558 624 685 741 807 868 934 1000 1122 1188 1249 1310 1376 1437 1559 1625 1691 1752 1808 1869 1925 1991 2128 2179 2235 2301 2362 2484
29 94 159 224 289 425 484 549 614 673 726 791 921 986 1051 1098 1163 1222 1281 1417 1476 1523 1588 1653 1712 1836 1895 1948 2013 2078 2196 2249 2314 2373 2420
28 92 156 220 284 419 476 540 604 661 711 846 903 967 1031 1074 1138 1266 1323 1387 1444 1558 1622 1686 1743 1793 1850 1971 2035 2099 2142 2263 2327 2384 2427
27 90 153 216 350 413 468 531 594 649 767 830 885 948 1011 1121 1184 1239 1294 1357 1483 1522 1585 1648 1774 1821 1876 1923 2057 2120 2159 2206 2340 2395 2434
26 88 150 283 345 407 460 522 584 708 752 814 867 929 1062 1097 1159 1212 1336 1398 1451 1557 1619 1681 1734 1778 1902 1946 2008 2070 2176 2220 2282 2406 2441
25 86 147 279 340 401 452 513 574 696 737 798 920 981 1042 1073 1205 1256 1307 1368 1490 1521 1582 1643 1765 1806 1857 1969 2030 2091 2193 2234 2295 2346 2448
24 84 144 275 335 395 444 504 635 684 722 782 902 962 1022 1120 1180 1229 1278 1409 1458 1556 1616 1676 1725 1834 1883 1921 2052 2112 2139 2248 2308 2357 2455
23 82 212 271 330 389 436 566 625 672 778 837 884 943 1002 1096 1155 1273 1320 1379 1426 1520 1579 1638 1756 1791 1909 1944 2003 2062 2156 2262 2321 2368 2462
22 80 209 267 325 383 428 557 615 660 763 821 866 924 1053 1072 1201 1246 1291 1349 1465 1555 1613 1671 1716 1819 1864 1967 2025 2083 2173 2205 2334 2379 2469
21 78 206 263 320 377 491 548 605 648 748 805 919 976 1033 1119 1176 1219 1333 1390 1433 1519 1576 1633 1747 1776 1890 1919 2047 2104 2190 2219 2276 2390 2476
20 76 203 259 315 371 483 539 595 707 733 789 901 957 1013 1095 1151 1263 1304 1360 1472 1554 1610 1666 1707 1804 1916 1942 1998 2125 2136 2233 2289 2401 2483
19 74 200 255 310 365 475 530 585 695 718 844 883 938 1064 1071 1197 1236 1346 1401 1440 1518 1573 1699 1738 1832 1871 1965 2020 2075 2153 2247 2302 2412 2419
18 72 197 251 305 359 467 521 575 683 774 828 865 990 1044 1118 1172 1209 1317 1371 1479 1553 1607 1661 1769 1789 1897 1917 2042 2096 2170 2261 2315 2352 2426
17 141 194 247 300 424 459 512 636 671 759 812 918 971 1024 1094 1147 1253 1288 1412 1447 1517 1570 1694 1729 1817 1852 1940 1993 2117 2187 2204 2328 2363 2433
16 139 191 243 295 418 451 503 626 659 744 796 900 952 1004 1070 1193 1226 1330 1382 1486 1552 1604 1656 1760 1845 1878 1963 2015 2067 2133 2218 2341 2374 2440
15 137 188 239 290 412 443 565 616 647 729 851 882 933 1055 1117 1168 1270 1301 1352 1454 1516 1567 1689 1720 1802 1904 1986 2037 2088 2150 2232 2283 2385 2447
14 135 185 235 285 406 435 556 606 706 714 835 864 985 1035 1093 1143 1243 1343 1393 1422 1551 1601 1651 1751 1830 1859 1938 1988 2109 2167 2246 2296 2396 2454
13 133 182 231 351 400 427 547 596 694 770 819 917 966 1015 1069 1189 1216 1314 1363 1461 1515 1564 1684 1711 1787 1885 1961 2010 2059 2184 2260 2309 2407 2461
12 131 179 227 346 394 490 538 586 682 755 803 899 947 995 1116 1164 1260 1285 1404 1429 1550 1598 1646 1742 1815 1911 1984 2032 2080 2130 2203 2322 2347 2468
11 129 176 223 341 388 482 529 576 670 740 787 881 928 1046 1092 1139 1233 1327 1374 1468 1514 1632 1679 1773 1843 1866 1936 2054 2101 2147 2217 2335 2358 2475
10 127 173 219 336 382 474 520 637 658 725 842 863 980 1026 1068 1185 1277 1298 1415 1436 1549 1595 1641 1733 1800 1892 1959 2005 2122 2164 2231 2277 2369 2482
9 125 170 215 331 376 466 511 627 646 710 826 916 961 1006 1115 1160 1250 1340 1385 1475 1513 1629 1674 1764 1828 1847 1982 2027 2072 2181 2245 2290 2380 2418
8 123 167 282 326 370 458 502 617 705 766 810 898 942 1057 1091 1206 1223 1311 1355 1443 1548 1592 1636 1724 1785 1873 1934 2049 2093 2198 2259 2303 2391 2425
7 121 164 278 321 364 450 564 607 693 751 794 880 923 1037 1067 1181 1267 1282 1396 1482 1512 1626 1669 1755 1813 1899 1957 2000 2114 2144 2202 2316 2402 2432
6 119 161 274 316 358 442 555 597 681 736 849 862 975 1017 1114 1156 1240 1324 1366 1450 1547 1589 1702 1715 1841 1854 1980 2022 2064 2161 2216 2329 2413 2439
5 117 158 270 311 423 434 546 587 669 721 833 915 956 997 1090 1202 1213 1295 1407 1489 1511 1623 1664 1746 1798 1880 1932 2044 2085 2178 2230 2342 2353 2446
4 115 155 266 306 417 426 537 577 657 777 817 897 937 1048 1066 1177 1257 1337 1377 1457 1546 1586 1697 1706 1826 1906 1955 1995 2106 2195 2244 2284 2364 2453
3 113 152 262 301 411 489 528 638 645 762 801 879 989 1028 1113 1152 1230 1308 1418 1425 1510 1620 1659 1737 1783 1861 1978 2017 2127 2141 2258 2297 2375 2460
2 111 149 258 296 405 481 519 628 704 747 785 861 970 1008 1089 1198 1274 1279 1388 1464 1545 1583 1692 1768 1811 1887 1930 2039 2077 2158 2201 2310 2386 2467
1 109 146 254 291 399 473 510 618 692 732 840 914 951 1059 1065 1173 1247 1321 1358 1432 1509 1617 1654 1728 1839 1913 1953 1990 2098 2175 2215 2323 2397 2474
0 107 143 250 286 393 465 501 608 680 717 824 896 932 1039 1112 1148 1220 1292 1399 1471 1544 1580 1687 1759 1796 1868 1976 2012 2119 2192 2229 2336 2408 2481
70 105 211 246 352 387 457 563 598 668 773 808 878 984 1019 1088 1194 1264 1334 1369 1439 1508 1614 1649 1719 1824 1894 1928 2034 2069 2138 2243 2278 2348 2417
69 103 208 242 347 381 449 554 588 656 758 792 860 965 999 1135 1169 1237 1305 1410 1478 1543 1577 1682 1750 1781 1849 1951 2056 2090 2155 2257 2291 2359 2424
68 101 205 238 342 375 441 545 578 644 743 847 913 946 1050 1111 1144 1210 1347 1380 1446 1507 1611 1644 1710 1809 1875 1974 2007 2111 2172 2271 2304 2370 2431
67 99 202 234 337 369 433 536 568 703 728 831 895 927 1030 1087 1190 1254 1318 1350 1485 1542 1574 1677 1741 1837 1901 1926 2029 2061 2189 2214 2317 2381 2438
66 97 199 230 332 363 496 527 629 691 713 815 877 979 1010 1134 1165 1227 1289 1391 1453 1506 1608 1639 1772 1794 1856 1949 2051 2082 2135 2228 2330 2392 2445
65 95 196 226 327 357 488 518 619 679 769 799 859 960 1061 1110 1140 1271 1331 1361 1421 1541 1571 1672 1732 1822 1882 1972 2002 2103 2152 2242 2272 2403 2452
64 93 193 222 322 422 480 509 609 667 754 783 912 941 1041 1086 1186 1244 1302 1402 1460 1505 1605 1634 1763 1779 1908 1924 2024 2124 2169 2256 2285 2343 2459
63 91 190 218 317 416 472 500 599 655 739 838 894 993 1021 1133 1161 1217 1344 1372 1428 1540 1568 1667 1723 1807 1863 1947 2046 2074 2186 2270 2298 2354 2466
62 89 187 214 312 410 464 562 589 643 724 822 876 974 1001 1109 1136 1261 1315 1413 1467 1504 1602 1700 1754 1835 1889 1970 1997 2095 2132 2213 2311 2365 2473
61 87 184 281 307 404 456 553 579 702 780 806 858 955 1052 1085 1182 1234 1286 1383 1435 1539 1565 1662 1714 1792 1915 1922 2019 2116 2149 2227 2324 2376 2480
60 85 181 277 302 398 448 544 569 690 765 790 911 936 1032 1132 1157 1207 1328 1353 1474 1503 1599 1695 1745 1820 1870 1945 2041 2066 2166 2241 2337 2387 2416
59 83 178 273 297 392 440 535 630 678 750 845 893 988 1012 1108 1203 1251 1299 1394 1442 1538 1562 1657 1705 1777 1896 1968 1992 2087 2183 2255 2279 2398 2423
58 81 175 269 292 386 432 526 620 666 735 829 875 969 1063 1084 1178 1224 1341 1364 1481 1502 1596 1690 1736 1805 1851 1920 2014 2108 2200 2269 2292 2409 2430
57 79 172 265 287 380 495 517 610 654 720 813 857 950 1043 1131 1153 1268 1312 1405 1449 1537 1630 1652 1767 1833 1877 1943 2036 2129 2146 2212 2305 2349 2437
56 77 169 261 353 374 487 508 600 642 776 797 910 931 1023 1107 1199 1241 1283 1375 1488 1501 1593 1685 1727 1790 1903 1966 2058 2079 2163 2226 2318 2360 2444
55 75 166 257 348 368 479 499 590 701 761 781 892 983 1003 1083 1174 1214 1325 1416 1456 1536 1627 1647 1758 1818 1858 1918 2009 2100 2180 2240 2331 2371 2451
54 73 163 253 343 362 471 561 580 689 746 836 874 964 1054 1130 1149 1258 1296 1386 1424 1500 1590 1680 1718 1775 1884 1941 2031 2121 2197 2254 2273 2382 2458
53 71 160 249 338 356 463 552 570 677 731 820 856 945 1034 1106 1195 1231 1338 1356 1463 1535 1624 1642 1749 1803 1910 1964 2053 2071 2143 2268 2286 2393 2465
52 140 157 245 333 421 455 543 631 665 716 804 909 926 1014 1082 1170 1275 1309 1397 1431 1499 1587 1675 1709 1831 1865 1987 2004 2092 2160 2211 2299 2404 2472
51 138 154 241 328 415 447 534 621 653 772 788 891 978 994 1129 1145 1248 1280 1367 1470 1534 1621 1637 1740 1788 1891 1939 2026 2113 2177 2225 2312 2344 2479
50 136 151 237 323 409 439 525 611 641 757 843 873 959 1045 1105 1191 1221 1322 1408 1438 1498 1584 1670 1771 1816 1846 1962 2048 2063 2194 2239 2325 2355 2415
49 134 148 233 318 403 431 516 601 700 742 827 855 940 1025 1081 1166 1265 1293 1378 1477 1533 1618 1703 1731 1844 1872 1985 1999 2084 2140 2253 2338 2366 2422
48 132 145 229 313 397 494 507 591 688 727 811 908 992 1005 1128 1141 1238 1335 1419 1445 1497 1581 1665 1762 1801 1898 1937 2021 2105 2157 2267 2280 2377 2429
47 130 142 225 308 391 486 498 581 676 712 795 890 973 1056 1104 1187 1211 1306 1389 1484 1532 1615 1698 1722 1829 1853 1960 2043 2126 2174 2210 2293 2388 2436
46 128 210 221 303 385 478 560 571 664 768 850 872 954 1036 1080 1162 1255 1348 1359 1452 1496 1578 1660 1753 1786 1879 1983 1994 2076 2191 2224 2306 2399 2443
45 126 207 217 298 379 470 551 632 652 753 834 854 935 1016 1127 1137 1228 1319 1400 1420 1531 1612 1693 1713 1814 1905 1935 2016 2097 2137 2238 2319 2410 2450
44 124 204 213 293 373 462 542 622 640 738 818 907 987 996 1103 1183 1272 1290 1370 1459 1495 1575 1655 1744 1842 1860 1958 2038 2118 2154 2252 2332 2350 2457
43 122 201 280 288 367 454 533 612 699 723 802 889 968 1047 1079 1158 1245 1332 1411 1427 1530 1609 1688 1704 1799 1886 1981 1989 2068 2171 2266 2274 2361 2464
42 120 198 276 354 361 446 524 602 687 779 786 871 949 1027 1126 1204 1218 1303 1381 1466 1494 1572 1650 1735 1827 1912 1933 2011 2089 2188 2209 2287 2372 2471
41 118 195 272 349 355 438 515 592 675 764 841 853 930 1007 1102 1179 1262 1345 1351 1434 1529 1606 1683 1766 1784 1867 1956 2033 2110 2134 2223 2300 2383 2478
40 116 192 268 344 420 430 506 582 663 749 825 906 982 1058 1078 1154 1235 1316 1392 1473 1493 1569 1645 1726 1812 1893 1979 2055 2060 2151 2237 2313 2394 2414
39 114 189 264 339 414 493 497 572 651 734 809 888 963 1038 1125 1200 1208 1287 1362 1441 1528 1603 1678 1757 1840 1848 1931 2006 2081 2168 2251 2326 2405 2421
38 112 186 260 334 408 485 559 633 639 719 793 870 944 1018 1101 1175 1252 1329 1403 1480 1492 1566 1640 1717 1797 1874 1954 2028 2102 2185 2265 2339 2345 2428
37 110 183 256 329 402 477 550 623 698 775 848 852 925 998 1077 1150 1225 1300 1373 1448 1527 1600 1673 1748 1825 1900 1977 2050 2123 2131 2208 2281 2356 2435
36 108 180 252 324 396 469 541 613 686 760 832 905 977 1049 1124 1196 1269 1342 1414 1487 1491 1563 1635 1708 1782 1855 1929 2001 2073 2148 2222 2294 2367 2442
