 2  35  53  69  76 104 116 147 164
 1  31  45  72  81 105 114 150 165
 6  33  40  66  86 112 119 145 157
 8  21  49  65  87 101 127 148 159
16  25  39  75  77 111 123 149 152
 3  37  54  63  83 102 124 143 154
 4  20  38  74  92  98 132 151 158
18  22  50  57  91 107 120 135 166
15  34  51  59  88  95 128 136 156
11  27  55  70  89  96 126 133 161
 9  32  41  64  94 106 130 134 153
10  26  44  71  85  99 125 139 167
 5  23  52  67  90 103 117 140 168
 7  30  42  68  80 100 129 137 169
 0  24  43  73  84 110 131 138 162
17  28  47  62  78 113 115 144 163
12  29  56  60  79 108 122 146 155
13  36  46  61  82 109 118 141 160
14  19  48  58  93  97 121 142 170
