17 88 161 243 324 370 450 538 619 668 736 811 893 975 1034 1112 1193 1265 1336
44 106 195 251 336 379 462 554 620 666 728 789 889 935 1031 1111 1188 1211 1326
55 119 169 248 333 369 438 515 613 708 741 821 901 974 1004 1087 1171 1240 1325
43 99 148 236 318 376 481 531 617 682 732 792 886 987 1044 1104 1185 1235 1323
52 92 175 280 317 368 444 514 601 695 775 819 880 953 997 1109 1170 1248 1332
45 125 206 231 293 424 478 547 602 647 730 807 873 993 1025 1071 1165 1254 1304
36 123 167 284 352 419 463 534 597 641 747 803 888 960 1018 1094 1144 1229 1319
31 96 204 273 308 415 452 546 570 690 735 844 902 970 1029 1082 1138 1224 1317
27 112 186 244 313 362 447 513 596 672 756 848 891 952 1062 1124 1163 1222 1328
24 86 198 275 285 417 482 520 624 660 724 813 872 977 1010 1136 1155 1249 1313
12 121 144 239 350 403 486 544 610 657 721 791 923 932 1052 1133 1158 1237 1311
26 102 183 283 331 388 475 506 616 663 714 809 884 951 1040 1129 1194 1242 1295
3 136 160 278 351 382 497 535 606 653 723 783 878 936 1032 1121 1207 1233 1316
37 120 168 264 348 372 443 540 623 652 768 845 870 940 1002 1122 1173 1218 1322
59 101 146 256 325 409 436 499 595 683 720 849 912 947 1037 1093 1205 1252 1303
10 95 196 268 340 406 474 530 588 648 734 798 908 986 1005 1089 1166 1269 1334
56 82 207 238 330 363 441 559 578 662 733 835 910 959 1024 1091 1192 1246 1310
19 111 202 246 328 360 429 543 630 658 777 840 866 966 999 1119 1161 1247 1315
54 139 154 230 310 416 473 510 604 671 719 839 919 938 1015 1085 1197 1262 1293
42 85 191 266 299 374 435 539 614 697 758 790 892 931 996 1103 1191 1276 1348
51 94 156 225 339 408 446 528 600 656 750 805 904 992 1056 1086 1175 1227 1324
71 81 190 263 326 383 456 509 612 681 781 833 860 979 998 1083 1164 1225 1337
1 115 213 245 323 414 480 556 586 673 749 832 876 928 1063 1072 1167 1220 1309
49 89 173 252 306 399 472 503 615 685 729 830 911 988 995 1101 1145 1251 1314
70 77 205 241 337 404 455 557 594 667 718 800 875 946 1051 1102 1186 1243 1297
41 140 199 261 320 413 448 502 573 645 767 841 887 957 1045 1096 1140 1259 1294
46 105 197 282 294 397 451 501 589 702 713 817 882 934 1060 1080 1150 1274 1344
40 126 182 240 349 412 470 500 581 701 751 796 900 965 1026 1098 1176 1213 1307
32 114 172 274 295 400 439 549 598 643 731 810 861 983 1050 1118 1182 1271 1306
39 98 180 259 346 367 428 536 592 655 748 801 896 973 1047 1092 1198 1239 1330
38 122 193 255 316 359 445 525 582 699 778 847 918 927 1014 1106 1141 1270 1292
25 135 212 237 338 422 471 545 611 691 757 793 859 924 1012 1081 1137 1266 1305
13 87 200 232 287 392 495 555 574 698 765 843 858 961 1020 1134 1202 1217 1299
18 131 162 228 315 371 460 508 637 665 764 851 885 939 1043 1116 1195 1245 1291
50 128 164 227 343 401 434 524 577 689 759 815 871 969 1041 1128 1181 1236 1285
9 79 153 216 327 418 465 552 639 677 745 838 922 985 1023 1079 1139 1221 1341
68 74 181 270 301 380 489 505 632 688 774 802 853 964 1006 1075 1190 1273 1290
69 110 177 272 342 366 459 537 569 651 755 834 914 956 1017 1069 1153 1257 1321
11 100 152 247 322 391 477 566 631 654 716 828 868 950 1053 1100 1179 1261 1318
66 73 189 250 332 364 492 565 609 676 715 846 898 984 1022 1077 1152 1231 1283
65 132 143 235 312 420 442 548 572 706 754 788 905 968 1049 1127 1157 1216 1284
16 124 174 269 311 378 458 532 571 675 773 826 855 971 1036 1126 1183 1244 1308
63 116 159 219 300 390 457 523 584 694 763 814 865 980 1065 1131 1149 1267 1282
35 108 203 260 303 384 469 521 593 659 712 825 879 945 1064 1114 1172 1238 1335
30 90 185 277 298 389 488 526 587 640 744 812 920 942 1003 1107 1174 1268 1346
15 142 184 218 309 361 437 568 635 644 760 795 895 963 1001 1110 1203 1253 1327
64 97 209 233 355 373 433 519 628 687 776 786 909 949 1059 1090 1147 1210 1300
6 84 208 262 302 410 467 541 579 642 743 808 894 948 1055 1130 1169 1230 1349
53 72 171 226 353 426 430 522 591 710 780 782 917 978 1042 1099 1189 1212 1279
14 130 157 249 314 358 491 518 585 703 742 784 863 994 1033 1125 1206 1278 1287
48 118 192 242 304 375 432 517 599 707 753 804 916 929 1019 1078 1201 1250 1340
62 113 188 281 347 425 453 498 583 661 740 842 881 944 1057 1074 1159 1209 1302
29 127 194 267 297 365 479 562 576 693 722 829 899 943 1028 1113 1200 1208 1289
5 104 147 258 290 357 496 542 634 679 779 797 907 981 1038 1088 1151 1277 1296
58 137 179 279 319 411 476 512 580 686 772 794 862 937 1013 1084 1180 1219 1339
57 103 166 214 288 356 461 529 638 684 766 837 877 982 1048 1067 1187 1223 1347
23 78 165 229 329 385 449 504 621 705 739 822 890 989 1035 1073 1178 1272 1342
2 80 155 217 344 407 494 560 629 674 769 831 883 976 1009 1095 1148 1256 1301
22 91 151 224 335 396 468 564 618 664 752 827 915 972 1027 1108 1146 1215 1329
33 75 178 234 292 377 490 567 608 646 738 806 906 967 1008 1132 1154 1275 1345
8 109 211 276 296 398 454 511 605 704 770 799 874 962 1039 1066 1199 1264 1288
28 134 150 257 334 421 440 553 603 678 727 824 869 941 1030 1117 1196 1234 1280
67 83 145 223 291 423 493 551 636 692 761 785 864 926 1058 1068 1204 1214 1338
34 133 210 220 286 395 466 563 622 709 726 836 857 933 1000 1135 1143 1226 1333
7 141 163 271 307 394 485 533 627 680 717 823 897 930 1016 1076 1162 1263 1331
21 93 149 215 354 405 484 527 626 700 725 852 921 925 1021 1123 1160 1241 1286
61 76 158 222 341 393 427 558 575 670 771 820 913 958 1054 1115 1177 1228 1312
20 107 201 254 305 402 464 516 607 650 737 816 856 955 1046 1097 1184 1260 1343
4 138 170 221 289 387 483 561 590 669 711 818 903 991 1061 1120 1168 1255 1281
60 129 176 265 321 386 487 507 633 696 762 787 854 990 1007 1070 1142 1232 1320
47 117 187 253 345 381 431 550 625 649 746 850 867 954 1011 1105 1156 1258 1298
