60 68 169 238 328 336 422 520 603 608 682 789 827 913 939 1070 1107 1175 1222 1327 1379 1417 1502 1583 1670 1696 1785
45 94 190 217 319 347 430 513 586 614 732 738 862 884 1005 1010 1139 1143 1252 1290 1397 1429 1512 1582 1647 1693 1765
67 72 194 202 327 337 426 509 602 609 728 751 834 906 983 1023 1087 1195 1265 1286 1403 1441 1492 1599 1635 1692 1772
66 73 179 229 318 348 454 480 583 629 723 747 865 872 976 1031 1138 1144 1228 1321 1392 1410 1491 1596 1673 1694 1777
49 79 201 206 304 371 464 470 557 653 681 790 853 894 968 1039 1093 1189 1257 1293 1380 1446 1535 1578 1658 1685 1745
5 127 183 213 335 340 459 485 565 646 710 768 849 890 991 1014 1118 1157 1264 1287 1395 1415 1515 1605 1651 1681 1769
48 80 136 266 303 372 458 486 597 604 704 765 845 901 972 1042 1112 1164 1273 1278 1373 1465 1513 1589 1622 1708 1750
38 90 200 207 294 380 443 490 579 624 679 799 814 926 997 1017 1127 1149 1272 1279 1386 1432 1506 1546 1671 1707 1776
65 74 193 203 324 352 415 527 585 615 672 801 852 895 962 1046 1100 1181 1217 1332 1401 1408 1481 1544 1668 1709 1809
56 83 174 224 309 357 449 494 569 633 737 742 837 910 1004 1011 1095 1179 1219 1325 1393 1439 1494 1556 1665 1712 1767
28 101 159 249 298 367 439 504 584 616 715 756 871 875 1001 1006 1137 1145 1271 1280 1387 1416 1499 1575 1664 1715 1784
64 75 155 244 289 377 457 487 574 637 703 766 856 881 971 1043 1092 1190 1246 1298 1360 1452 1484 1600 1634 1740 1761
59 69 147 253 278 395 469 475 556 654 714 757 840 898 958 1055 1130 1154 1263 1288 1405 1421 1476 1585 1624 1738 1774
19 111 199 208 302 373 442 491 601 610 713 758 861 885 953 1053 1122 1160 1235 1315 1363 1419 1527 1592 1657 1688 1792
27 102 163 234 323 353 434 500 582 630 709 769 836 911 949 1060 1099 1182 1231 1312 1394 1425 1518 1604 1654 1677 1754
44 95 182 214 282 385 468 476 568 634 719 761 870 876 965 1050 1077 1203 1239 1305 1376 1472 1501 1551 1675 1695 1746
37 91 158 250 308 358 467 477 544 665 701 777 812 932 980 1035 1103 1172 1269 1274 1368 1464 1528 1565 1609 1713 1771
55 84 189 218 301 374 421 521 542 663 722 748 855 882 951 1063 1102 1173 1221 1328 1355 1467 1521 1581 1626 1703 1775
43 96 181 215 300 375 441 492 553 650 708 770 830 917 957 1056 1121 1161 1242 1309 1388 1409 1530 1559 1628 1702 1802
42 97 173 225 277 396 433 501 561 642 707 771 820 920 964 1051 1117 1158 1234 1316 1346 1471 1531 1598 1648 1684 1753
2 134 150 257 334 341 448 495 573 638 696 774 813 927 967 1040 1133 1140 1208 1338 1343 1413 1511 1595 1655 1724 1793
34 105 162 235 322 354 453 481 540 668 677 796 823 923 948 1061 1085 1192 1245 1299 1341 1470 1532 1571 1662 1720 1744
33 106 178 230 286 389 425 510 560 643 676 797 860 886 975 1032 1116 1159 1227 1322 1362 1442 1523 1579 1659 1705 1758
18 112 188 219 293 381 418 517 550 660 700 778 869 877 945 1065 1094 1180 1230 1313 1371 1431 1483 1577 1645 1734 1788
15 124 161 236 272 401 409 532 564 647 689 782 864 873 1000 1007 1106 1176 1249 1302 1378 1463 1477 1593 1619 1739 1763
58 70 154 245 276 397 447 496 538 667 699 779 844 902 996 1018 1111 1165 1233 1317 1367 1451 1488 1587 1642 1682 1801
24 115 168 239 285 390 424 511 600 611 675 798 822 924 974 1033 1090 1186 1261 1282 1391 1433 1482 1574 1669 1698 1783
57 71 143 263 297 368 438 505 572 639 693 785 817 928 941 1071 1126 1150 1270 1281 1384 1469 1489 1553 1612 1730 1782
12 120 192 204 284 391 452 482 593 617 698 780 829 918 952 1054 1105 1177 1224 1319 1375 1459 1485 1597 1639 1727 1748
1 133 191 205 314 362 429 514 578 625 692 786 859 887 961 1047 1074 1206 1256 1294 1351 1474 1533 1560 1618 1676 1807
63 76 146 254 271 399 451 483 563 648 727 752 848 891 999 1008 1080 1197 1226 1323 1342 1418 1526 1603 1650 1691 1805
23 116 142 264 317 349 463 471 549 661 731 739 828 919 970 1044 1084 1193 1268 1275 1352 1437 1509 1601 1640 1718 1770
62 77 167 240 281 386 412 524 547 657 730 740 835 912 944 1066 1136 1146 1238 1306 1354 1455 1478 1591 1652 1699 1803
11 121 153 246 321 355 428 515 552 651 697 781 833 907 956 1057 1115 1169 1237 1307 1350 1457 1516 1572 1667 1706 1752
41 98 145 255 333 342 414 528 559 644 678 800 806 935 998 1009 1075 1202 1229 1314 1374 1449 1536 1561 1623 1700 1791
14 125 152 247 274 393 420 522 596 605 674 803 851 896 966 1041 1129 1155 1255 1295 1381 1411 1493 1558 1661 1729 1790
26 103 198 209 313 363 466 478 567 635 691 787 808 936 995 1019 1125 1151 1212 1336 1353 1427 1498 1590 1646 1736 1773
8 130 177 231 316 350 462 472 548 662 726 753 826 914 1003 1012 1114 1170 1262 1289 1407 1412 1541 1547 1611 1679 1808
54 85 180 216 299 376 406 530 555 655 673 804 832 908 943 1067 1082 1200 1260 1283 1361 1454 1514 1552 1672 1731 1743
10 122 176 232 296 369 404 536 577 626 736 743 863 874 994 1020 1128 1156 1248 1303 1399 1450 1487 1555 1630 1742 1757
36 92 197 210 270 400 413 529 599 612 718 762 819 921 990 1015 1135 1147 1218 1326 1370 1461 1508 1564 1625 1732 1759
32 107 140 260 292 382 456 488 581 631 680 791 847 892 960 1048 1098 1183 1259 1284 1365 1460 1503 1573 1632 1697 1795
47 81 149 258 275 398 465 479 592 618 695 775 818 922 940 1072 1083 1194 1236 1308 1383 1453 1539 1586 1621 1678 1768
22 117 172 226 332 343 408 533 571 640 735 744 850 897 982 1024 1073 1205 1267 1276 1369 1448 1510 1566 1653 1683 1796
31 108 141 265 331 344 411 525 566 636 734 745 868 878 959 1049 1091 1191 1251 1291 1358 1422 1529 1594 1641 1680 1800
25 104 151 248 330 345 446 497 558 645 725 754 811 933 942 1068 1124 1152 1241 1310 1390 1458 1522 1570 1614 1704 1766
13 126 187 220 307 359 440 493 546 658 686 792 843 903 988 1026 1076 1204 1266 1277 1398 1434 1496 1568 1649 1722 1755
53 86 160 237 315 351 405 531 570 641 724 755 825 915 993 1021 1079 1198 1216 1333 1404 1414 1540 1545 1631 1701 1794
30 109 139 261 273 394 455 489 598 613 685 793 854 883 987 1027 1104 1178 1214 1330 1402 1443 1475 1550 1656 1733 1760
52 87 186 221 320 356 432 502 595 606 694 776 831 909 963 1052 1123 1153 1247 1304 1366 1447 1534 1569 1636 1687 1778
51 88 138 262 329 346 423 512 576 627 712 759 816 929 946 1069 1120 1162 1210 1335 1348 1424 1520 1567 1660 1714 1789
21 118 137 267 280 387 461 473 591 619 721 749 867 879 992 1022 1134 1148 1250 1292 1359 1423 1517 1584 1674 1689 1779
17 113 166 241 291 383 460 474 590 620 684 794 815 930 981 1025 1110 1166 1220 1329 1349 1466 1479 1580 1643 1710 1804
7 131 157 251 295 370 427 516 589 621 688 783 821 925 973 1034 1097 1184 1244 1300 1347 1462 1504 1588 1610 1726 1780
50 89 135 268 312 364 417 518 588 622 702 767 807 937 986 1028 1109 1167 1209 1339 1385 1445 1500 1542 1637 1711 1797
35 93 165 242 306 360 403 535 543 666 717 763 809 931 985 1029 1096 1185 1225 1324 1396 1426 1507 1563 1663 1686 1781
29 110 185 222 288 378 416 519 541 664 706 772 842 904 979 1036 1108 1168 1215 1334 1406 1468 1538 1549 1620 1690 1749
61 78 144 256 311 365 437 506 580 632 705 773 824 916 947 1062 1132 1141 1213 1331 1400 1440 1490 1608 1616 1716 1751
40 99 171 227 305 361 407 534 587 623 690 788 805 938 955 1058 1089 1187 1211 1337 1345 1438 1524 1554 1627 1728 1806
4 128 196 211 326 338 445 498 551 652 733 746 858 888 950 1064 1113 1171 1223 1320 1377 1430 1497 1557 1633 1723 1798
39 100 195 212 325 339 436 507 545 659 671 802 839 899 978 1037 1081 1201 1240 1311 1356 1444 1486 1576 1644 1717 1786
9 123 175 233 279 388 419 523 554 656 683 795 857 889 989 1016 1078 1199 1258 1285 1372 1420 1537 1562 1613 1719 1799
6 132 170 228 287 379 435 508 594 607 687 784 838 900 1002 1013 1086 1196 1254 1296 1389 1435 1495 1543 1666 1725 1787
3 129 156 252 283 392 410 526 575 628 716 764 810 934 984 1030 1119 1163 1243 1301 1357 1428 1525 1602 1629 1721 1762
46 82 148 259 290 384 444 499 537 670 711 760 846 893 977 1038 1101 1174 1253 1297 1382 1436 1480 1606 1617 1741 1756
20 119 164 243 269 402 450 484 562 649 729 741 841 905 969 1045 1131 1142 1207 1340 1364 1473 1519 1548 1638 1735 1747
16 114 184 223 310 366 431 503 539 669 720 750 866 880 954 1059 1088 1188 1232 1318 1344 1456 1505 1607 1615 1737 1764
