97 104 309 316 497 528 716 722 908 941 1101 1170 1333 1340 1540 1546 1671 1835 1880 2031 2163 2168 2356 2379 2504 2649 2754 2806 2894 2995 3098 3206 3320 3410 3518 3612 3733 3867 3958 4062 4161 4273 4367 4473 4621
73 128 308 317 486 540 632 807 919 928 1133 1140 1323 1351 1502 1585 1751 1757 1943 1968 2118 2213 2270 2466 2521 2625 2762 2798 2924 3056 3122 3233 3349 3443 3549 3659 3719 3846 3934 4038 4141 4256 4356 4464 4588
91 122 303 310 509 516 702 734 892 968 1122 1150 1314 1361 1484 1603 1705 1803 1919 2000 2070 2254 2316 2426 2562 2585 2697 2867 2972 3068 3170 3252 3375 3490 3574 3692 3774 3818 3923 4031 4133 4251 4353 4462 4549
103 110 291 322 475 551 691 746 897 952 1128 1134 1297 1386 1535 1561 1718 1780 1957 1963 2093 2239 2293 2448 2531 2617 2705 2860 2896 3008 3102 3216 3327 3418 3533 3632 3757 3882 3996 4091 4200 4311 4416 4510 4607
85 116 285 339 453 573 670 768 829 1027 1106 1156 1328 1356 1530 1556 1710 1789 1918 2001 2153 2178 2292 2449 2569 2576 2773 2794 2887 2989 3092 3199 3300 3403 3507 3686 3797 3823 4009 4116 4222 4305 4425 4530 4611
102 111 278 334 434 593 709 739 877 973 1080 1191 1308 1375 1525 1570 1746 1752 1952 1958 2085 2245 2345 2388 2538 2609 2777 2782 2902 3018 3117 3219 3347 3433 3536 3624 3782 3876 3994 4088 4186 4293 4409 4507 4615
101 112 256 358 452 574 681 757 903 957 1116 1145 1327 1357 1519 1566 1683 1816 1910 2009 2127 2203 2315 2427 2554 2593 2769 2790 2901 2996 3123 3243 3311 3461 3550 3666 3744 3894 3998 4109 4185 4278 4369 4502 4628
96 105 307 318 451 575 660 778 927 933 1094 1166 1288 1396 1534 1562 1679 1828 1895 2014 2139 2183 2327 2406 2518 2636 2696 2868 2888 2991 3138 3203 3297 3453 3586 3677 3767 3900 3945 4049 4204 4268 4421 4531 4604
72 129 284 340 515 522 697 751 865 983 1093 1167 1268 1415 1511 1576 1693 1807 1923 1987 2162 2169 2314 2428 2514 2633 2711 2855 2980 3082 3178 3276 3392 3495 3561 3620 3783 3837 3924 4033 4136 4252 4337 4463 4574
60 140 273 351 469 568 650 788 887 963 1121 1151 1301 1371 1533 1563 1675 1824 1892 2027 2157 2164 2342 2401 2534 2622 2685 2879 2938 3083 3189 3286 3390 3501 3589 3613 3798 3841 3916 4018 4124 4244 4349 4438 4581
90 123 255 359 464 562 665 783 861 998 1085 1177 1292 1382 1497 1597 1750 1758 1884 2034 2131 2192 2311 2423 2496 2658 2689 2876 2911 3040 3109 3222 3328 3432 3522 3657 3753 3903 3973 4113 4197 4295 4402 4493 4576
79 134 266 346 438 597 645 803 918 929 1105 1157 1273 1401 1545 1551 1687 1820 1914 1996 2090 2234 2267 2472 2493 2655 2745 2814 2927 2997 3147 3253 3356 3455 3554 3661 3745 3892 3961 4068 4201 4283 4377 4482 4591
100 113 277 335 514 523 715 723 891 969 1071 1200 1326 1358 1518 1567 1736 1762 1933 1978 2089 2235 2308 2434 2546 2601 2739 2821 2928 3057 3134 3244 3359 3458 3555 3641 3746 3871 3960 4095 4171 4292 4370 4479 4589
78 135 290 323 443 583 696 752 860 999 1104 1158 1296 1387 1479 1615 1732 1775 1905 2005 2148 2174 2304 2431 2511 2644 2688 2877 2889 2992 3148 3205 3301 3478 3580 3706 3729 3907 3950 4050 4215 4259 4424 4523 4562
47 152 272 352 416 614 649 789 902 958 1127 1135 1318 1367 1491 1594 1727 1771 1867 2045 2126 2204 2341 2402 2483 2667 2679 2884 2885 2990 3093 3200 3303 3404 3508 3608 3802 3857 4017 4117 4223 4324 4427 4528 4634
32 180 302 311 468 569 714 724 901 959 1103 1159 1307 1376 1473 1612 1701 1798 1877 2040 2121 2200 2298 2438 2575 2579 2710 2856 2890 2993 3094 3194 3306 3494 3584 3695 3811 3887 3918 4030 4206 4234 4426 4525 4631
36 164 261 364 448 588 675 773 907 942 1046 1224 1283 1391 1445 1642 1700 1799 1956 1964 2156 2165 2337 2397 2490 2664 2695 2869 2984 3030 3186 3285 3367 3488 3605 3630 3801 3833 3928 4028 4129 4243 4336 4459 4594
55 156 271 353 496 529 659 779 882 978 1115 1146 1264 1411 1467 1621 1741 1766 1901 2017 2117 2214 2365 2370 2508 2640 2761 2799 2974 3084 3184 3279 3318 3471 3588 3684 3795 3835 3931 4024 4127 4250 4352 4447 4565
59 141 265 347 422 611 686 763 843 1015 1100 1171 1247 1427 1452 1636 1740 1767 1864 2053 2152 2179 2301 2443 2520 2626 2727 2838 2981 3086 3163 3293 3380 3500 3602 3680 3711 3839 3919 4021 4121 4249 4345 4453 4570
84 117 210 406 447 589 655 793 872 987 1075 1187 1322 1352 1466 1622 1717 1781 1942 1969 2144 2187 2340 2403 2503 2650 2734 2832 2886 2988 3091 3197 3304 3400 3509 3707 3803 3831 4013 4118 4219 4248 4429 4529 4630
95 106 240 384 503 534 641 798 839 1012 1043 1221 1306 1377 1515 1581 1731 1776 1932 1979 2135 2196 2291 2450 2537 2610 2730 2829 2916 3020 3106 3218 3323 3415 3529 3652 3766 3878 3993 4114 4209 4300 4406 4519 4561
94 107 250 374 421 612 690 747 914 946 1062 1210 1255 1419 1506 1590 1716 1782 1866 2046 2125 2205 2320 2415 2495 2659 2684 2880 2939 2998 3124 3237 3360 3444 3568 3681 3759 3813 3988 4094 4170 4290 4382 4486 4601
31 181 276 336 430 605 636 810 832 1019 1079 1192 1339 1345 1501 1586 1674 1825 1904 2006 2092 2240 2278 2463 2507 2641 2720 2836 2931 3002 3127 3247 3357 3463 3576 3665 3751 3836 3983 4076 4173 4276 4387 4484 4626
26 175 245 369 513 524 658 780 926 934 1061 1211 1252 1429 1465 1623 1667 1832 1937 1983 2106 2217 2336 2398 2553 2594 2704 2861 2978 3076 3173 3256 3363 3480 3569 3663 3781 3851 3951 4046 4152 4262 4357 4450 4539
21 190 220 402 512 525 674 774 917 930 1132 1141 1251 1430 1510 1577 1745 1753 1888 2023 2151 2180 2360 2384 2487 2661 2708 2852 2962 3000 3116 3217 3338 3426 3542 3633 3761 3884 4000 4097 4208 4314 4376 4492 4564
54 157 297 328 508 517 673 775 876 974 1092 1168 1282 1392 1458 1629 1664 1842 1947 1974 2068 2260 2364 2371 2542 2613 2726 2839 2891 3063 3165 3202 3310 3472 3563 3696 3786 3891 3943 4041 4217 4266 4328 4452 4635
71 130 306 319 426 601 644 804 831 1020 1066 1196 1260 1422 1529 1557 1730 1777 1955 1965 2114 2209 2339 2404 2474 2677 2772 2795 2979 3085 3182 3274 3398 3498 3590 3687 3721 3826 3930 4032 4135 4235 4354 4433 4552
43 168 224 389 433 594 695 753 856 994 1120 1152 1245 1436 1544 1552 1749 1759 1913 1997 2124 2206 2335 2399 2502 2651 2738 2822 2908 3007 3104 3228 3341 3430 3519 3637 3779 3874 3984 4107 4191 4308 4422 4509 4569
30 182 216 399 458 578 635 811 871 988 1114 1147 1291 1383 1483 1604 1657 1848 1922 1988 2096 2226 2369 2375 2478 2676 2725 2840 2964 3067 3166 3248 3388 3489 3600 3674 3720 3849 3953 4042 4148 4232 4361 4467 4560
12 198 235 379 450 576 664 784 890 970 1065 1197 1290 1384 1455 1639 1660 1839 1891 2028 2120 2201 2284 2457 2482 2668 2781 2786 2957 3087 3175 3268 3399 3491 3598 3644 3714 3832 3926 4022 4139 4254 4355 4457 4606
67 145 301 312 432 595 685 764 886 964 1078 1193 1332 1341 1514 1582 1709 1790 1894 2015 2082 2242 2313 2429 2533 2623 2733 2833 2985 3069 3190 3294 3352 3405 3511 3704 3791 3821 3987 4027 4220 4231 4338 4444 4548
99 114 219 403 507 518 680 758 875 975 1090 1182 1278 1406 1451 1637 1699 1800 1872 2038 2116 2215 2275 2461 2574 2580 2703 2862 2969 3045 3112 3227 3321 3417 3525 3649 3800 3820 4015 4084 4189 4316 4393 4496 4556
46 153 283 341 467 570 713 725 896 953 1070 1201 1259 1423 1528 1558 1696 1813 1917 2002 2147 2175 2273 2467 2481 2669 2732 2834 2952 3066 3180 3262 3319 3487 3513 3676 3727 3861 3948 4040 4147 4241 4423 4455 4627
11 199 230 393 495 530 669 769 889 971 1049 1214 1277 1407 1524 1571 1670 1836 1909 2010 2113 2210 2283 2458 2545 2602 2768 2791 2949 3078 3192 3290 3394 3467 3601 3693 3732 3829 3929 4020 4134 4239 4334 4458 4575
35 165 254 360 446 590 629 816 847 1003 1131 1142 1295 1388 1444 1647 1739 1768 1912 1998 2110 2222 2333 2409 2530 2618 2724 2841 2973 3080 3191 3282 3309 3437 3506 3702 3717 3842 3917 4105 4123 4325 4342 4451 4600
93 108 249 375 442 584 631 808 846 1004 1111 1161 1244 1437 1496 1598 1695 1814 1861 2051 2084 2246 2359 2385 2561 2586 2709 2857 2906 3049 3118 3221 3345 3414 3547 3645 3769 3896 3990 4077 4194 4307 4399 4506 4540
83 118 209 407 429 606 689 748 881 979 1058 1205 1305 1378 1450 1638 1735 1763 1890 2029 2065 2263 2286 2446 2550 2605 2702 2863 2966 3065 3153 3266 3374 3470 3538 3698 3726 3859 3944 4054 4146 4247 4360 4466 4598
8 195 260 365 506 519 708 740 859 1000 1074 1188 1243 1438 1527 1559 1704 1804 1883 2035 2150 2181 2368 2376 2544 2603 2718 2847 2975 3032 3107 3220 3344 3434 3545 3631 3777 3827 3966 4089 4199 4288 4405 4513 4553
16 186 218 404 491 546 712 726 900 960 1053 1217 1300 1372 1449 1643 1729 1778 1931 1980 2143 2188 2310 2424 2492 2656 2749 2817 2955 3058 3169 3278 3387 3483 3557 3688 3713 3816 3940 4061 4144 4257 4364 4469 4580
89 124 244 370 502 535 623 822 870 989 1032 1233 1246 1428 1488 1608 1726 1772 1941 1970 2123 2207 2282 2459 2529 2619 2742 2826 2914 3015 3101 3215 3346 3407 3504 3629 3763 3840 3981 4108 4195 4326 4415 4521 4625
82 119 296 329 505 520 640 799 852 1007 1077 1194 1338 1346 1464 1624 1708 1791 1903 2007 2161 2170 2351 2391 2526 2628 2731 2835 2905 3028 3144 3255 3372 3449 3552 3662 3758 3855 3976 4073 4188 4274 4411 4474 4551
20 191 213 408 463 563 707 741 916 931 1045 1225 1258 1424 1495 1599 1652 1852 1951 1959 2134 2197 2297 2439 2573 2581 2765 2803 2947 3070 3162 3272 3315 3462 3503 3610 3806 3848 3942 4039 4158 4323 4404 4470 4573
10 200 305 320 504 521 711 727 899 961 1034 1234 1276 1408 1454 1640 1744 1754 1940 1971 2067 2261 2334 2400 2541 2614 2723 2842 2923 3004 3158 3196 3299 3425 3541 3640 3788 3914 3972 4119 4176 4320 4389 4500 4557
70 131 264 348 490 547 622 820 913 947 1052 1218 1299 1373 1523 1572 1723 1784 1876 2041 2079 2251 2355 2380 2517 2637 2719 2837 2944 3037 3125 3234 3368 3450 3558 3621 3770 3873 3968 4064 4190 4313 4396 4488 4543
19 192 248 376 501 536 657 781 845 1005 1040 1228 1313 1362 1500 1587 1678 1829 1950 1960 2078 2252 2363 2372 2540 2615 2707 2853 2903 3003 3152 3263 3351 3454 3592 3660 3741 3869 4012 4083 4168 4229 4392 4477 4596
25 176 259 366 485 541 634 812 869 990 1130 1143 1250 1431 1539 1547 1669 1837 1887 2024 2073 2256 2324 2419 2506 2642 2713 2845 2934 3006 3131 3246 3396 3451 3583 3673 3737 3901 3959 4074 4205 4240 4390 4476 4536
88 125 253 361 449 577 688 749 925 935 1057 1206 1272 1402 1478 1616 1656 1849 1860 2052 2142 2189 2268 2470 2566 2589 2722 2843 2954 3054 3095 3204 3316 3406 3510 3606 3728 3913 4005 4112 4138 4319 4417 4527 4613
24 177 215 400 466 571 628 817 906 943 1099 1172 1317 1368 1472 1613 1682 1817 1882 2036 2069 2255 2338 2405 2501 2652 2729 2830 2910 3051 3119 3229 3329 3427 3543 3642 3790 3828 3991 4096 4183 4301 4384 4485 4624
77 136 207 411 494 531 679 759 885 965 1039 1229 1267 1416 1490 1595 1748 1760 1859 2057 2101 2229 2323 2420 2572 2582 2717 2848 2936 3026 3108 3231 3302 3435 3520 3622 3748 3898 4001 4065 4203 4298 4414 4511 4622
69 132 282 342 457 579 654 794 830 1021 1042 1222 1316 1369 1462 1632 1666 1833 1930 1981 2100 2230 2354 2381 2525 2629 2728 2831 2968 3072 3177 3271 3384 3464 3559 3639 3755 3847 3941 4053 4145 4270 4358 4432 4584
29 183 295 330 474 552 668 770 905 944 1069 1202 1271 1403 1487 1609 1692 1808 1900 2018 2130 2193 2296 2440 2516 2638 2748 2818 2922 3053 3096 3201 3317 3408 3505 3609 3715 3911 3957 4115 4221 4302 4420 4522 4620
23 178 208 412 456 580 643 805 858 1001 1056 1207 1337 1347 1517 1568 1691 1809 1879 2032 2160 2171 2295 2441 2536 2611 2716 2849 2961 3031 3110 3223 3348 3420 3526 3653 3793 3895 3965 4098 4214 4233 4383 4504 4578
5 204 234 380 484 542 639 800 880 980 1089 1183 1242 1434 1463 1625 1714 1794 1928 1991 2149 2182 2280 2455 2473 2678 2764 2804 2960 3061 3161 3251 3361 3459 3572 3699 3709 3856 3954 4059 4149 4238 4362 4472 4592
53 158 270 354 415 615 684 765 912 948 1126 1136 1241 1435 1509 1578 1677 1830 1939 1972 2138 2184 2344 2389 2515 2639 2780 2787 2958 3042 3113 3212 3331 3438 3531 3626 3776 3870 3978 4102 4187 4304 4378 4524 4558
52 159 289 324 473 553 663 785 888 972 1041 1223 1325 1359 1522 1573 1725 1773 1916 2003 2146 2176 2358 2386 2480 2670 2776 2783 2929 3012 3150 3235 3353 3469 3523 3619 3805 3890 3974 4087 4180 4275 4374 4520 4535
45 154 269 355 489 548 672 776 851 1008 1073 1189 1254 1420 1486 1610 1703 1805 1886 2025 2119 2202 2332 2410 2560 2587 2712 2846 2892 2994 3097 3195 3298 3479 3587 3682 3794 3912 3939 4044 4212 4261 4428 4532 4605
3 202 300 313 483 543 694 754 850 1009 1038 1230 1287 1397 1508 1579 1694 1815 1878 2033 2091 2241 2350 2392 2568 2577 2694 2870 2983 3075 3181 3287 3370 3493 3599 3618 3804 3819 3932 4034 4130 4255 4330 4449 4563
15 187 294 331 431 596 648 790 844 1006 1060 1212 1266 1417 1543 1553 1686 1821 1857 2056 2083 2247 2281 2460 2549 2606 2737 2823 2919 3041 3164 3207 3334 3421 3534 3648 3765 3899 4010 4101 4174 4289 4403 4440 4583
42 169 288 325 493 532 630 809 884 966 1110 1162 1324 1360 1453 1641 1690 1810 1870 2048 2141 2190 2312 2430 2500 2653 2693 2871 2937 3062 3156 3273 3314 3441 3517 3701 3809 3862 3955 4051 4153 4310 4332 4431 4619
4 205 299 314 419 609 706 742 868 991 1119 1153 1289 1385 1477 1617 1728 1779 1936 1984 2076 2248 2349 2393 2543 2604 2747 2819 2977 3027 3188 3280 3389 3499 3564 3669 3778 3854 3925 4036 4137 4253 4341 4456 4545
58 142 247 377 480 557 638 801 827 1026 1125 1137 1286 1398 1443 1648 1689 1811 1935 1985 2122 2208 2290 2451 2498 2647 2771 2796 2941 3088 3154 3281 3395 3496 3591 3656 3768 3825 3921 4026 4132 4269 4350 4461 4555
41 170 233 381 462 564 627 818 883 967 1076 1195 1249 1432 1538 1548 1713 1795 1869 2049 2133 2198 2331 2411 2535 2612 2699 2858 2971 3036 3193 3277 3385 3482 3595 3708 3718 3843 3915 4035 4131 4236 4343 4471 4585
81 120 229 394 420 613 653 795 879 981 1124 1138 1321 1353 1470 1626 1673 1826 1949 1961 2095 2227 2300 2444 2494 2660 2757 2811 2951 3011 3114 3232 3393 3428 3537 3627 3789 3906 3986 4085 4179 4294 4412 4454 4541
66 146 223 390 428 607 687 750 825 1029 1072 1190 1312 1363 1521 1574 1698 1801 1946 1975 2109 2223 2289 2452 2489 2665 2744 2815 2953 3044 3168 3245 3381 3468 3585 3683 3730 3852 3956 4048 4159 4258 4366 4442 4593
92 109 239 385 461 565 705 743 857 1002 1051 1219 1263 1412 1482 1605 1654 1846 1908 2011 2105 2218 2367 2377 2488 2666 2767 2792 2893 3046 3176 3198 3305 3402 3581 3703 3810 3904 4007 4037 4211 4230 4344 4448 4618
7 196 268 356 460 566 626 819 855 995 1129 1144 1336 1348 1461 1633 1707 1792 1927 1992 2081 2243 2322 2421 2510 2645 2690 2866 2904 3043 3174 3214 3337 3419 3524 3658 3796 3879 3975 4106 4213 4246 4388 4491 4582
65 147 287 326 445 591 701 735 874 976 1068 1203 1311 1364 1505 1591 1650 1854 1889 2030 2064 2264 2309 2425 2571 2583 2701 2864 2946 3077 3160 3261 3366 3485 3604 3650 3731 3865 3952 4047 4143 4263 4327 4446 4603
51 160 243 371 437 598 637 802 842 1016 1088 1184 1320 1354 1542 1554 1734 1764 1907 2012 2108 2224 2288 2453 2567 2578 2743 2816 2912 3034 3100 3210 3343 3416 3548 3638 3775 3897 3992 4079 4192 4303 4418 4494 4567
9 201 275 337 441 585 683 766 924 936 1113 1148 1240 1441 1476 1618 1663 1843 1868 2050 2099 2231 2366 2378 2513 2634 2687 2874 2940 3064 3157 3275 3342 3481 3578 3678 3725 3853 3937 4058 4160 4260 4335 4465 4614
40 171 263 349 472 554 721 729 836 1022 1084 1178 1239 1439 1460 1634 1662 1844 1899 2019 2129 2194 2321 2422 2477 2673 2686 2875 2921 3047 3172 3208 3325 3413 3521 3655 3799 3905 3964 4099 4184 4228 4391 4516 4572
76 137 246 378 500 537 656 782 895 954 1037 1231 1285 1399 1499 1588 1672 1827 1863 2054 2145 2177 2326 2407 2499 2654 2692 2872 2932 3010 3133 3241 3322 3448 3528 3675 3792 3877 4008 4093 4175 4282 4380 4436 4623
64 148 252 362 427 608 704 744 841 1017 1118 1154 1262 1413 1516 1569 1668 1838 1875 2042 2137 2185 2287 2454 2491 2657 2760 2800 2925 3009 3146 3283 3354 3431 3530 3635 3762 3880 3980 4090 4165 4309 4386 4505 4547
1 206 262 350 425 602 703 745 828 1028 1087 1185 1319 1355 1471 1614 1722 1785 1898 2020 2075 2249 2299 2445 2524 2630 2700 2865 2976 3079 3143 3270 3307 3401 3515 3611 3724 3908 4004 4060 4142 4317 4329 4517 4617
39 172 238 386 459 567 700 736 835 1023 1059 1213 1335 1349 1481 1606 1743 1755 1926 1993 2074 2250 2277 2464 2505 2643 2746 2820 2917 3022 3115 3224 3336 3440 3579 3617 3740 3834 3999 4103 4182 4284 4381 4514 4633
98 115 228 395 479 558 667 771 894 955 1035 1227 1331 1342 1532 1564 1681 1818 1874 2043 2063 2262 2348 2394 2476 2674 2763 2805 2930 3021 3139 3269 3364 3439 3594 3672 3736 3883 4002 4070 4167 4245 4398 4475 4544
2 203 227 396 440 586 682 767 915 932 1050 1220 1310 1365 1504 1592 1712 1796 1871 2039 2066 2259 2347 2395 2565 2590 2736 2824 2899 3005 3130 3250 3383 3436 3562 3614 3784 3910 3989 4067 4198 4287 4394 4478 4538
50 161 212 409 488 549 678 760 878 982 1102 1160 1237 1442 1485 1611 1724 1774 1893 2016 2155 2166 2330 2412 2558 2597 2691 2873 2935 3081 3151 3284 3358 3476 3577 3636 3752 3866 3946 4023 4125 4264 4365 4468 4608
68 133 258 367 418 610 720 730 864 984 1067 1204 1309 1366 1513 1583 1711 1797 1865 2047 2112 2211 2274 2462 2486 2662 2683 2881 2897 3017 3103 3226 3340 3423 3535 3694 3750 3889 4011 4092 4210 4321 4373 4515 4554
22 179 293 332 436 599 647 791 923 937 1098 1173 1304 1379 1448 1644 1697 1802 1929 1982 2062 2265 2319 2416 2570 2584 2756 2812 2950 3016 3145 3239 3350 3447 3571 3671 3743 3824 3962 4111 4166 4285 4368 4489 4599
49 162 281 343 511 526 646 792 849 1010 1086 1186 1281 1393 1498 1589 1665 1834 1925 1994 2128 2195 2272 2468 2485 2663 2775 2784 2948 3050 3142 3292 3362 3474 3582 3690 3749 3863 3949 4045 4157 4267 4363 4441 4568
63 149 232 382 444 592 625 814 898 962 1083 1179 1261 1414 1480 1607 1653 1847 1856 2060 2115 2216 2357 2387 2557 2598 2753 2807 2907 3029 3105 3230 3333 3442 3539 3647 3785 3822 3970 4082 4207 4297 4413 4498 4629
18 193 257 368 478 559 620 824 922 938 1082 1180 1330 1343 1447 1645 1688 1812 1924 1995 2094 2228 2329 2413 2548 2607 2682 2878 2956 3019 3159 3267 3378 3484 3573 3679 3722 3860 3938 4043 4150 4272 4347 4445 4612
14 188 217 405 510 527 677 761 867 992 1109 1163 1303 1380 1457 1630 1742 1756 1902 2008 2088 2236 2328 2414 2539 2616 2715 2850 2982 3090 3149 3296 3397 3497 3567 3646 3710 3844 3927 4052 4128 4242 4333 4443 4609
44 155 237 387 471 555 693 755 866 993 1123 1139 1302 1381 1494 1600 1680 1819 1954 1966 2077 2253 2362 2373 2497 2648 2680 2882 2915 3071 3183 3295 3382 3502 3596 3689 3764 3817 3922 4029 4140 4227 4339 4460 4602
87 126 226 397 482 544 652 796 838 1013 1064 1198 1334 1350 1475 1619 1659 1840 1948 1962 2061 2266 2353 2382 2509 2646 2770 2797 2920 3025 3120 3213 3326 3411 3546 3643 3773 3909 3979 4086 4202 4286 4407 4518 4559
38 173 242 372 465 572 719 731 873 977 1112 1149 1275 1409 1493 1601 1658 1841 1873 2044 2087 2237 2279 2456 2523 2631 2779 2788 2945 3060 3140 3249 3365 3456 3570 3625 3734 3888 3977 4075 4164 4224 4371 4480 4610
34 166 286 327 424 603 718 732 921 939 1081 1181 1257 1425 1507 1580 1685 1822 1862 2055 2159 2172 2307 2435 2475 2675 2766 2793 2918 3039 3126 3265 3339 3429 3565 3615 3756 3838 3995 4072 4196 4281 4401 4483 4632
62 150 274 338 487 550 699 737 911 949 1055 1208 1315 1370 1459 1635 1738 1769 1897 2021 2136 2186 2352 2383 2532 2624 2752 2808 2926 3035 3155 3238 3332 3473 3575 3623 3754 3886 3997 4066 4162 4277 4400 4501 4533
75 138 222 391 423 604 666 772 848 1011 1108 1164 1280 1394 1492 1602 1721 1786 1921 1989 2107 2225 2303 2432 2528 2620 2681 2883 2898 2999 3136 3242 3386 3457 3597 3668 3739 3875 3963 4081 4181 4296 4419 4430 4579
57 143 211 410 477 560 717 733 854 996 1054 1209 1279 1395 1446 1646 1715 1783 1953 1967 2072 2257 2325 2408 2522 2632 2774 2785 2942 3059 3132 3236 3377 3466 3560 3616 3738 3881 3967 4063 4178 4322 4379 4495 4542
28 184 214 401 470 556 692 756 840 1018 1117 1155 1253 1421 1537 1549 1706 1793 1945 1976 2132 2199 2294 2442 2547 2608 2755 2813 2933 3033 3129 3257 3369 3452 3551 3697 3735 3815 3969 4069 4172 4306 4372 4490 4590
37 174 221 392 455 581 642 806 863 985 1063 1199 1265 1418 1503 1593 1651 1851 1938 1973 2071 2258 2306 2436 2527 2621 2706 2854 2963 3089 3179 3260 3313 3475 3514 3667 3723 3864 3935 4100 4151 4315 4331 4437 4616
17 194 280 344 417 617 662 786 853 997 1033 1235 1270 1404 1474 1620 1720 1787 1885 2026 2104 2219 2343 2390 2564 2591 2751 2809 2986 3073 3185 3288 3312 3486 3516 3700 3716 3845 3920 4025 4122 4312 4348 4512 4587
86 127 241 373 476 561 624 815 834 1024 1048 1215 1248 1433 1536 1550 1747 1761 1855 2059 2140 2191 2302 2433 2556 2599 2759 2801 2970 3055 3187 3289 3308 3409 3512 3607 3712 3902 4016 4019 4156 4318 4340 4526 4586
48 163 225 398 454 582 676 762 910 950 1044 1226 1269 1405 1469 1627 1649 1853 1858 2058 2086 2238 2318 2417 2552 2595 2750 2810 2913 3001 3111 3225 3330 3412 3532 3654 3808 3885 4006 4104 4193 4291 4410 4499 4546
61 151 251 363 499 538 621 821 920 940 1097 1174 1256 1426 1456 1631 1684 1823 1911 1999 2103 2220 2346 2396 2551 2596 2698 2859 2943 3023 3128 3258 3373 3446 3566 3705 3742 3830 3982 4071 4169 4280 4408 4487 4534
56 144 267 357 414 616 619 823 833 1025 1096 1175 1298 1374 1541 1555 1661 1845 1944 1977 2158 2173 2361 2374 2479 2671 2741 2827 2895 3048 3141 3254 3371 3445 3556 3670 3760 3850 3985 4078 4177 4279 4375 4497 4550
74 139 292 333 413 618 698 738 893 956 1091 1169 1274 1410 1468 1628 1676 1831 1896 2022 2102 2221 2317 2418 2563 2592 2740 2828 2965 3074 3167 3264 3376 3465 3593 3628 3772 3812 3936 4056 4154 4265 4359 4439 4577
27 185 298 315 439 587 671 777 826 1030 1047 1216 1294 1389 1512 1584 1737 1770 1920 1990 2080 2244 2276 2465 2519 2627 2735 2825 2987 3024 3171 3291 3391 3492 3603 3664 3807 3814 3933 4055 4126 4226 4346 4435 4537
33 167 279 345 492 533 651 797 837 1014 1031 1236 1293 1390 1531 1565 1719 1788 1881 2037 2111 2212 2305 2437 2512 2635 2714 2851 2900 3014 3121 3211 3335 3460 3527 3634 3771 3893 4014 4120 4163 4299 4397 4508 4571
13 189 236 388 435 600 633 813 862 986 1107 1165 1284 1400 1526 1560 1733 1765 1934 1986 2154 2167 2269 2471 2555 2600 2721 2844 2959 3052 3137 3259 3379 3477 3544 3691 3747 3858 3947 4057 4155 4271 4351 4434 4597
6 197 304 321 481 545 661 787 909 951 1036 1232 1329 1344 1489 1596 1655 1850 1915 2004 2098 2232 2285 2447 2559 2588 2778 2789 2967 3038 3099 3209 3324 3424 3540 3651 3787 3872 4003 4110 4216 4237 4385 4503 4566
80 121 231 383 498 539 710 728 904 945 1095 1176 1238 1440 1520 1575 1702 1806 1906 2013 2097 2233 2271 2469 2484 2672 2758 2802 2909 3013 3135 3240 3355 3422 3553 3685 3780 3868 3971 4080 4218 4225 4395 4481 4595
